1000
240
541
1902
651
1711
892
420
892
1415
273
1799
517
499
372
1647
1739
690
1968
633
1803
115
794
117
1606
1627
1104
352
177
608
448
967
1724
1179
1392
1082
146
1863
1621
9
153
1452
237
1610
1204
330
853
847
910
1460
432
1205
131
328
852
192
1219
13
233
1620
709
628
665
627
1412
1279
1744
1698
1709
1682
858
122
665
688
531
746
1291
1375
1505
1655
581
352
1819
281
1924
711
1751
1073
1095
881
1531
866
1576
591
892
1702
1957
1566
237
397
1064
1639
430
1060
1592
1711
898
1165
1376
1959
1944
1268
1779
792
458
393
1407
532
1007
166
1082
1062
830
1589
1255
104
1901
365
808
1336
308
1800
1552
307
909
1351
886
162
1389
475
1954
1507
140
503
985
1040
865
63
1570
119
1104
1837
1705
1073
1707
970
1264
1847
53
1148
249
1582
1336
1665
1605
790
138
1647
1409
932
1896
689
667
468
128
29
1322
536
1757
1765
1495
1350
874
646
967
882
1350
1407
704
42
1292
752
441
59
1800
1579
680
467
1383
10
505
720
65
1580
1250
566
1533
534
1408
1402
1739
233
1649
350
834
252
1832
1556
1118
264
286
936
1043
795
1252
776
1893
526
1161
551
688
858
1382
1723
553
371
1270
604
705
825
992
1129
1443
1720
1016
1438
1939
545
913
970
99
556
98
291
340
1792
817
174
332
1579
126
438
1897
369
609
468
120
1418
1068
1333
351
1807
1644
107
305
846
1191
657
404
624
1940
1464
1184
634
1521
205
152
1103
995
1200
503
1621
1185
323
1493
873
999
357
196
1279
1980
998
569
1096
1897
176
1607
897
1228
931
1924
788
823
1728
1066
1191
1900
385
1151
1761
700
1089
1450
970
1771
904
1311
1367
1910
320
567
859
1949
666
292
381
108
443
859
1962
1441
544
575
1549
308
1663
1678
636
801
1950
819
1502
290
327
46
1172
1151
1235
1135
411
53
712
1686
1580
612
446
1791
1578
613
1132
1763
1840
1145
894
1267
1027
196
1987
1628
235
1041
52
1230
1152
1149
1684
733
1717
112
537
1984
509
1264
487
392
865
1715
870
1510
241
138
1350
1956
1314
329
438
1440
1923
1747
299
1681
1193
506
576
1249
1764
1137
1937
1965
226
1343
655
340
1436
1628
1666
1637
72
1210
341
1722
294
1745
135
233
395
265
820
1377
795
1131
709
1586
852
1367
1297
1934
120
1059
1491
132
228
1395
30
1731
1226
1331
1629
1637
935
1568
1044
37
1922
671
221
1628
1819
415
717
1159
627
1144
676
643
694
1740
34
1468
131
1820
1240
994
1933
1432
468
1972
332
1837
1356
1425
763
1102
1663
1327
1762
1330
1002
440
398
1404
35
1004
587
667
869
819
1250
900
1734
701
1596
709
1593
769
742
585
1091
457
569
1147
854
1625
347
129
905
812
406
404
693
127
1380
59
1757
536
608
357
369
1548
249
1962
1082
951
935
1350
124
531
701
898
1895
168
1751
130
136
1289
1348
97
754
1645
784
520
1360
1784
70
677
975
1976
1722
1466
1300
1350
523
1385
81
1182
1085
1175
970
104
49
166
1549
1734
1102
1478
766
787
1439
1771
226
1014
1480
1707
728
754
435
344
1388
1308
1359
1958
168
1055
1274
469
1470
1910
1703
1024
834
168
1796
700
317
1016
1032
949
742
1045
897
93
1527
890
508
407
1578
863
135
650
1221
1831
792
1663
817
1202
1289
489
165
846
1149
291
1496
162
1451
170
1113
1061
501
1863
325
758
438
276
367
641
1715
1708
1371
1273
332
130
923
238
557
855
375
1581
1724
1718
964
1982
1794
506
1847
805
315
1124
1399
314
188
55
885
561
806
1386
981
309
1522
887
1801
1567
940
1527
1802
1568
1844
1655
989
1183
258
1941
296
5
1324
1874
853
726
1831
169
264
1029
295
1589
1976
1308
1435
685
536
652
1371
368
881
1433
1044
1304
929
698
904
972
1174
409
628
768
196
1091
298
1081
1662
1984
1784
1608
1328
1710
324
1005
363
114
1341
1997
514
342
1847
945
234
1689
1322
333
1487
120
1830
1972
713
1534
1674
79
476
504
736
1772
1344
514
1245
977
286
707
525
1877
333
182
392
1807
1183
1288
101
888
1797
639
540
653
1898
76
1301
386
952
1923
1238
1890
889
207
1055
967
1392
908
1953
1278
1682
43
997
832
248
925
1331
207
724
170
1318
965
832
213
1176
1251
882
900
24
317
506
743
1533
1646
170
700
1044
542
713
1419
1293
1198
1030
850
1959
1924
766
163
1414
186
142
1496
162
218
1517
988
1471
1232
1153
1221
1770
917
153
1948
1374
572
1063
1047
1520
1101
284
141
212
1622
383
1203
1331
1572
278
1445
314
516
1580
1590
450
520
33
729
934
1111
1219
570
1059
340
273
1429
738
443
619
1462
1722
616
875
1723
697
1221
1799
366
527
1820
1176
1562
354
532
1462
1581
1778
1761
1003
495
1962
1589
550
1351
669
290
885
1649
573
1081
1953
1844
425
1344
1946
1140
301
1614
1637
1953
874
224
1635
396
1752
303
1138
20
332
1151
177
1883
1558
566
1282
1877
1809
65
760
1850
1695
791
1992
1475
733
319
1963
158
285
1155
1711
687
1740
737
1012
1615
458
899
1199
1463
1833
857
1981
832
72
1494
1943
791
1176
563
593
1057
99
1273
1855
69
263
544
938
1913
272
1825
1392
571
1437
100
162
94
8
166
121
13
100
115
164
170
191
179
181
133
58
44
62
77
198
26
121
139
173
76
36
161
193
127
179
9
146
67
191
100
112
50
110
151
122
43
142
118
80
68
82
161
168
25
46
137
173
138
108
179
81
99
26
150
54
25
106
138
140
18
179
103
47
14
143
155
177
1
130
154
113
124
190
97
29
89
78
46
51
69
10010
10009
10008
10007
10006
10005
10004
10003
10002
148
56
180
4
78
4
10001

