10000
5051
8556
3457
2040
3435
9018
3717
10744
17450
18635
1147
2703
1333
15154
2227
5721
4045
46
12528
14980
16469
8437
7771
4806
16357
13559
16163
8690
2999
1189
5076
5030
7019
9936
14011
7284
18386
1038
17021
10626
14011
17331
16711
9120
11246
14679
6744
7300
19000
7857
7920
14791
11466
3316
3818
4199
1182
16139
4346
10307
8279
14661
6425
2851
5492
9285
8048
2400
12214
19069
5059
2639
16475
17132
14703
2938
2294
12443
3404
3929
8641
15616
12802
9340
37
13950
8030
15183
15488
7447
10962
16363
9470
11191
2485
13341
148
9173
11079
16263
10503
2178
1245
306
5244
12393
19998
18196
13440
19207
9028
2037
11807
3002
12
2059
17247
12459
10008
4683
8932
8554
15767
14540
10041
17289
12987
17375
13551
13964
15525
13428
9224
6384
12931
669
7891
2689
8838
5022
18224
13581
6825
3837
4009
5896
569
8545
11873
19880
3921
15165
8497
18482
11265
12399
19018
1999
11387
8704
6326
15453
1020
13203
13652
16862
11621
11769
3566
13198
9282
8929
7610
18607
10329
5344
2537
17490
12882
6084
1808
16439
13854
8212
19340
14993
11112
16072
11461
2726
12670
19442
6285
275
7624
16099
19718
1121
19227
18150
3433
4044
8077
14995
19331
18399
18757
15886
14783
3729
8830
9675
4563
4241
10785
8718
11124
15618
2538
1076
8596
17988
14827
12367
19738
5106
11792
9288
11891
15734
16015
5757
281
4590
16529
4278
18267
19596
4447
13272
14295
2983
16459
16548
13955
18696
10875
10830
1055
12565
1913
5361
14786
10223
7258
13876
3079
9830
12548
7027
14408
16526
19073
12243
9378
10345
9430
15743
7726
18253
5569
7766
11059
14405
10122
6982
2809
6629
3460
10943
2410
5932
4254
16690
15250
16814
6121
14345
7522
17203
11232
14080
8721
14630
1900
7968
12976
10956
4440
89
19680
10824
480
13754
17764
5423
15718
19166
14630
8285
2066
6246
7957
572
18825
9253
8371
10591
11734
9606
2582
16801
5065
12686
10838
2532
6581
8142
1820
18235
6440
1463
15873
2282
7176
14505
4448
19705
19389
16123
17158
6266
8594
13557
18013
4995
9646
5403
14995
1872
19856
13323
8090
9930
9346
6467
7743
236
11930
16951
18444
14181
2599
19167
8000
10253
13095
15748
1931
16655
6758
10551
15171
12695
12871
2319
9558
3800
8991
9103
18613
5962
6959
363
9543
19710
1975
12566
6239
18863
18381
7439
13305
10390
3204
2830
7421
13326
13370
12393
2394
7787
11426
13857
10812
9316
2761
3542
1808
1706
9652
7815
2530
14540
1584
11737
10444
14938
15227
7404
5648
606
7707
3048
8950
9174
15544
13632
6172
11814
16521
18599
7722
14520
377
7081
16625
12201
18260
13272
11623
8623
639
9775
9743
15687
8373
16456
7175
6493
12195
747
17761
18982
13756
14783
19710
12105
17111
6664
14928
14090
19391
1828
18540
13815
1437
13835
15975
13610
12841
17131
11536
15122
5878
7780
19409
7034
8500
19477
10485
7737
9643
19599
19355
14216
10689
17620
16108
10646
16918
934
12685
18486
2550
1277
5646
2061
14809
5378
9425
279
7444
19867
19419
4678
6957
94
17645
19898
9630
12226
12164
1037
5929
14442
2242
11464
18468
3222
12132
12959
14520
12404
14384
1325
17915
17639
13506
19164
540
15408
5955
6480
16957
1911
3997
17138
14303
11923
18090
10323
16954
4927
19581
6638
4731
8691
2520
15657
12976
15900
6297
2318
19341
1646
6048
6822
4817
17356
7620
10853
16708
19203
13073
1131
6401
13175
9517
11297
18517
13907
7757
416
3097
13580
733
12549
14565
15007
14261
19141
4112
18061
16139
9290
19422
11633
7180
10567
16223
15088
2114
14095
1295
16601
7116
3561
16714
9715
15427
5114
10064
10377
7497
5748
2770
327
1249
7600
2524
13908
7565
17549
1853
15115
8530
16283
19
1930
7325
18513
4145
5232
9627
19518
8575
12808
16083
17220
3413
2527
12916
9429
8453
11302
2127
18813
1275
16496
8619
12611
9237
15223
6777
1441
2928
5596
19683
768
11345
406
16716
4890
17804
3117
8551
9334
19623
5268
3229
15372
5209
12173
3573
11179
8553
14613
1056
15007
17241
15836
4086
18705
13581
1883
10478
4056
8554
5750
986
1883
10863
5361
16696
19162
8790
12260
19286
7551
139
13318
18168
5035
9536
9430
11686
8862
643
7522
109
7814
10619
9971
4430
16208
16071
6414
7164
257
13371
2079
2303
14156
1688
12707
10721
4472
6720
1534
14330
11917
19578
11259
14046
12362
5109
15091
18748
11916
11127
16787
12645
13623
9242
3755
12397
6710
19382
4449
4864
16606
14889
7200
12819
11886
5972
4762
16054
10526
13633
16240
4678
11358
9754
12629
11304
18851
6791
8845
11801
14834
15824
10896
18284
18541
5584
1222
4987
6719
5633
17760
1373
19068
2261
7627
7038
14527
17556
8645
2748
3025
628
14724
13842
10645
15588
9928
2707
16462
1543
10593
8971
4016
4833
16104
14282
5826
16407
6073
18068
17232
5961
7861
16847
18024
10446
454
419
11129
10027
1171
13466
16803
16175
11431
13331
19818
19702
14437
19065
3023
11313
5400
13236
19325
3649
9309
10523
8916
922
17031
3365
12642
17365
2441
6822
3510
17018
12376
2913
5160
14491
1887
7993
14927
3913
2256
2835
4353
3858
1087
17818
8116
3357
8072
14558
13164
7140
13920
18303
5131
7998
7930
1976
7052
13256
9889
6077
19543
14423
4753
12491
17110
16743
17766
7981
2314
3355
328
2368
3837
4717
10061
15889
4687
12394
10607
14506
390
11310
3242
7918
8482
8652
6298
8739
14316
13157
2438
17597
3740
16893
16811
4553
13300
214
14993
3377
7464
11723
12540
724
9461
1576
677
6000
8362
15767
1869
46
6562
12277
10647
81
272
14255
4059
10914
1564
14145
12924
4769
19614
5967
2942
6310
19720
5266
11295
9016
1037
7990
3959
5193
17177
15451
14427
121
14986
10390
143
5234
7733
5786
2025
11795
14325
6565
13817
18613
692
8721
3501
16136
12681
9504
9121
7680
11678
8772
17620
3047
10358
901
7193
5321
2929
4196
8683
8545
9415
3230
8506
15725
17504
5726
12924
15764
11878
11532
8484
13355
12394
17801
12666
15743
18515
2117
17181
5879
7146
2418
1401
19958
7964
18970
4143
17887
3416
6589
2509
18508
7976
1173
204
5783
15381
15497
524
4123
7335
17931
12596
776
11469
8360
6422
779
11509
3966
14200
4033
1526
7932
3498
13724
8751
19496
14347
14203
14911
15891
7698
18096
12827
10492
12207
1630
4789
16212
14502
13893
17427
19169
10374
17504
15438
9502
8647
18962
11965
4444
15495
5146
16637
3756
681
9936
15590
16014
19422
16905
14265
18781
10812
16727
14751
901
846
14716
14978
6252
7044
6590
6536
18746
18964
13230
15919
8150
6792
14472
3840
825
1716
14565
4248
11759
4524
3695
5438
11463
10722
12863
17381
14240
14732
13430
15373
3055
7033
6571
9829
1311
7595
17127
6328
8239
4069
3179
17256
12207
15565
10829
8187
3144
19951
14340
18739
18243
17437
14684
13268
11491
13062
11001
9090
1739
6658
5658
521
14174
6814
2342
11770
4680
597
15784
15551
16740
18061
8099
12818
9271
6538
2388
16711
8106
10560
11805
13155
6957
6179
13956
17991
8698
12122
13995
7356
14939
2685
19525
19333
17894
3289
11771
13072
18545
13038
6063
4713
18769
494
4884
15681
12190
10840
15877
2646
1926
7796
17993
11010
14384
1474
8519
19830
15332
6151
17583
15219
12404
2462
10772
2866
4885
6975
910
5645
17993
16452
14330
19467
19906
11271
14832
16645
12227
2674
6025
399
17908
654
12907
18791
8420
14049
3135
7972
18235
8042
7099
8957
575
13896
15720
13373
11734
12021
17929
4209
13106
7354
3950
13571
2493
8410
7251
9861
14275
18102
10211
6535
19977
8784
19727
9251
7145
774
16617
17894
7174
13042
18298
3922
4742
11369
15996
19058
14748
17980
19458
9950
1231
918
12589
6510
9640
3201
7102
7833
11778
17114
1618
10617
7819
9582
13178
10705
19293
5256
10530
9904
5852
7110
16037
7057
13839
14035
14743
884
16534
4446
6862
6193
15547
19530
4530
18720
10000
13085
4491
2148
301
6278
15804
15870
17483
349
3571
9485
14769
7597
10601
2672
17554
14045
18345
1579
1930
3921
2359
450
7919
12046
16489
2932
8392
9327
13786
17859
9266
15333
14171
9096
15714
17187
4804
3303
664
1155
7281
19465
1171
5715
13973
809
3703
2735
3036
16453
10790
19505
7687
961
18030
5427
17400
2332
5357
7464
611
19319
3976
12885
13428
12310
4343
3403
4899
12871
14374
13712
4023
18487
14500
7186
7716
13897
9613
4718
7648
18774
2846
6711
11879
19509
50
16435
18784
16501
12014
11239
17163
4163
10890
5979
15078
13160
15207
17181
9646
8026
7432
2004
11945
5761
11054
10821
12839
12494
4953
4513
18479
9928
14066
6591
5967
19701
3662
6378
2926
7802
2669
6139
3363
14111
18025
751
7726
10761
4636
1802
9852
4886
13783
12501
4539
2894
7146
1836
9148
6241
10547
4496
3046
18714
16618
2231
17356
4798
1766
19054
18811
11609
19212
7769
6421
17606
14027
2653
11748
1252
1722
9372
8464
6173
2115
19082
4629
15220
1816
10105
2123
16029
2448
12508
1892
16196
850
1802
478
11321
11392
18786
2731
208
775
12953
10810
7053
13651
4724
16953
17725
7129
14614
16741
9861
12849
5842
10018
951
11710
19979
8655
1831
13263
17177
17290
8959
16547
19210
18422
1517
10125
14139
9556
9207
15348
9102
718
890
7510
935
18531
17156
13968
2404
16778
17768
14888
16308
11816
12823
9040
434
7307
3572
6903
13333
19951
8107
10052
5453
14780
3080
10535
5781
12091
17000
14608
19793
1639
2658
6970
6490
7600
15131
18416
5904
15509
9948
17712
12004
4970
15971
17119
11627
11931
1076
13511
17829
14977
2336
9249
19261
6932
18075
13052
15109
846
12528
13731
18385
3692
13503
14389
15942
3870
3048
16467
2079
3099
1818
12336
3616
13685
4341
14242
7837
4146
10060
7374
2626
133
11730
5634
362
18461
4926
17623
9280
1661
17392
2579
15603
15079
16612
6804
17501
17549
2725
11332
2538
16743
13275
17252
7194
3299
18046
18988
9967
14754
17390
19752
6901
206
5415
2830
6697
7155
13351
374
16294
11665
16780
17834
3904
853
15361
16708
15120
17525
8342
14793
8429
4713
18371
9738
13127
789
11382
13099
18913
11918
11087
15441
8179
193
19024
11270
15722
10801
18548
4541
4344
4429
5953
5290
14444
4787
9557
1824
6068
1921
8822
9200
19099
10197
11284
4541
2796
14730
13618
17399
6288
18137
13581
14308
903
1103
15119
7871
15299
4002
17118
10809
3693
362
13703
5805
7168
10102
12867
2229
11539
6230
11729
13847
464
9845
8362
4543
17175
10207
2082
1616
13095
16923
11514
5455
11816
11894
13719
18321
17378
1757
6732
5288
18024
15168
10227
15096
3472
6036
11055
17248
831
9080
2780
5050
4083
13964
4889
8212
17290
9783
3479
9872
12809
14793
14957
17474
13534
18848
2241
16385
7493
11022
4929
2710
16793
16890
16424
7941
16145
9632
5995
10625
1313
17788
7828
5217
13696
5237
2542
4734
5365
9547
16261
14608
13178
16876
12074
11754
17221
12569
14261
6022
9308
5281
18455
10617
13759
18962
3911
12220
16767
15833
4707
8840
16553
8544
5048
9537
12764
13208
3430
13787
17084
700
10508
10830
6530
11521
14061
5880
17316
11032
19171
3582
10905
5233
8180
16819
17943
5168
1052
6097
7019
6697
8034
11110
18544
16451
18972
12777
16877
10677
1306
19753
1262
15374
8372
19045
5768
1534
19739
2399
8827
9718
16332
14504
4087
7611
13493
11240
18431
17702
2220
9674
3976
9639
2212
13279
18098
12376
10462
19273
910
10721
18068
17259
2021
18067
1104
8358
5908
19748
7209
13461
4091
397
5165
4540
545
2841
19689
19114
12278
5384
17709
2608
1011
2819
742
8169
1458
7527
12342
9937
11360
359
84
5744
9920
15013
176
7146
9212
15421
17803
11645
10098
9196
12305
4929
13858
19415
6168
13841
14969
5138
9853
4245
19545
17961
4785
1052
4890
6387
4337
4212
17940
14166
683
19646
1243
849
12561
4190
2121
104
861
11988
4002
2878
13316
12438
3069
18835
8727
18504
3133
19999
12718
1219
9838
19337
1960
13905
6059
7324
17353
18404
14178
11273
6469
16539
11123
4195
11265
4291
18348
13059
15939
569
9440
6456
9295
19935
9633
11351
6035
11614
5113
11817
9165
6446
6627
16510
7923
3211
18862
8938
13064
6551
3815
8763
6798
3132
19975
4436
15734
12947
18549
6087
10005
12004
9081
5889
1252
5292
8056
9439
2662
10154
7157
5586
8619
775
7142
2175
11903
11966
8065
12350
10775
9286
18266
13806
5428
7147
12321
5109
18603
13925
2049
7491
8981
10681
474
7656
15639
1688
9556
5776
11245
588
14138
9372
4960
9058
8338
13062
333
4549
3256
99
14689
16421
2287
9553
10013
17755
8238
15436
9642
7455
15308
12848
6537
5104
10532
1174
610
4956
13687
15107
8912
8566
8124
4611
5190
16317
13834
8017
4708
7186
9639
8805
14600
7228
9518
10905
3758
17934
19256
16487
16248
1000
11842
6248
12545
11239
15566
11374
17525
1549
5326
15966
17616
13633
11862
7040
8894
15584
15840
15283
16373
4442
8734
12050
7646
17069
16059
15526
18863
11277
19029
4371
8142
19494
8811
17460
18025
12327
18810
13120
6569
17325
9078
12232
17219
9675
18689
8488
18115
74
2563
5894
4569
7029
1018
10598
7890
7043
17746
14294
257
12019
3707
10241
326
15443
18537
17990
18433
19349
16235
15132
19890
8062
14498
14070
9917
12935
17111
19437
11245
17859
10378
1012
1702
8964
2480
11671
9352
19021
7323
3772
14463
10549
15425
14099
11305
17715
10324
5995
6591
19703
16586
15737
634
19179
7141
17550
2239
4728
1752
11424
6857
16487
8502
17912
15567
3720
11582
1797
10541
15308
4378
9485
16449
7049
9059
17460
17454
13757
9524
3560
19536
11744
12955
10993
14368
2088
1100
18952
544
19538
17564
2458
2650
17360
1915
724
3878
19711
10402
7759
8686
12820
278
17330
6220
3177
3393
9504
19171
14272
3435
17300
6981
17345
1479
10985
7944
2983
9291
18411
10271
1594
10659
18535
7247
3061
1902
1946
20000
16968
6881
16240
3421
7739
7626
11570
16149
17058
12172
11514
1871
6381
18113
1418
19701
8541
9530
12920
12932
6971
6788
8091
5459
1596
7673
4371
6395
9221
6013
625
7149
5839
19177
7299
8001
6968
923
9929
9300
6160
341
3636
13967
3935
7370
15612
17155
9265
12967
17831
17094
8926
13994
17361
2822
349
12905
9723
19230
6485
15085
14995
12098
17250
12372
1864
13568
17445
4111
14647
3063
1250
10312
309
4005
3531
2872
10757
17269
460
2330
7914
12234
14279
15299
9478
14641
7692
14792
622
3391
3017
19697
15730
9826
14750
6543
18050
6432
4369
7370
4438
7008
10648
17199
6092
4708
3492
15638
45
2725
17919
12156
15601
1673
5493
19774
3462
3829
12259
222
12141
755
18673
16724
6164
17158
12812
3357
9165
13016
17330
15844
5064
7305
573
13749
16444
7994
3461
4264
8115
7010
15899
13457
6711
3484
8832
17449
8459
16753
197
3148
7311
16549
12657
5310
13326
7694
15106
16003
963
2322
545
10569
17384
12542
6705
2569
16607
147
870
17463
8758
15269
5047
1743
4800
15670
12325
10231
11803
16107
16686
14777
17647
13304
11830
13268
16115
15708
7091
3675
17817
13728
1544
15286
7470
4743
16976
15080
16919
14561
626
2496
13182
15572
9141
15902
4861
13031
17354
5314
4326
15622
3524
3850
4111
4728
14889
19305
19296
19432
4717
4397
19816
787
18885
10180
13887
11294
15674
17822
15777
14438
18245
13302
16554
14419
6204
13128
17100
1549
13554
11202
7695
19722
12161
19482
15891
818
15529
17915
10460
19233
14410
6446
10546
15213
13275
15196
2010
8726
4939
7356
10365
2557
1741
6548
8993
4850
7113
5249
4963
19055
17745
113
3113
14072
6657
18106
12398
19701
11166
6140
13226
7870
755
14510
5242
15177
8107
5751
7953
17896
18610
4490
14977
302
7164
8383
15083
18781
1980
17768
3809
2741
9759
13382
18345
3832
16359
843
18694
14844
17649
6818
12584
602
14280
12862
2330
6975
972
11825
8295
4668
13933
7146
8378
6478
10453
14297
9245
10459
19932
14845
9324
6676
14224
18600
5837
6431
7199
13810
6369
13298
18215
11447
217
19148
1834
18298
17013
390
13547
3491
6716
19310
11321
13311
17538
12785
488
8872
10543
16711
14557
5538
13714
11556
8793
14977
16886
3059
5519
13353
15120
18724
19317
16250
19928
3643
16466
19006
11552
19201
14355
1519
17936
9930
14077
3095
4924
19757
8679
1635
17096
5101
17734
3524
15943
6815
16482
13117
806
14851
10459
5943
18715
19849
4336
2524
1553
7104
2037
1438
9144
18614
5589
18376
12416
6706
666
13666
5028
15421
12760
5963
19458
7164
18273
11221
17622
12332
3573
11401
6455
15477
1589
9223
13447
15078
7374
5753
1480
5840
10043
9095
9949
19690
15939
5626
16593
11054
18388
15554
4231
10159
16644
17373
11562
12026
15193
2154
7232
9087
7842
12633
5236
12325
3996
6571
965
4973
1498
14847
6050
4033
2266
12977
14346
12263
5124
15125
14398
18331
7241
8400
8902
19374
19194
4496
15453
10923
3003
1491
1728
3698
5620
14975
2740
2052
982
14718
9197
16614
16109
7281
9187
3189
1285
9705
10664
4737
6509
11640
17738
18446
7582
11853
15929
745
9360
13913
19699
17835
14460
9452
10388
1716
3550
2716
7346
7902
10092
13399
9257
10052
17660
4045
11720
10304
14920
17311
6895
7330
7064
4771
19503
10112
11442
4921
2287
3217
13336
18862
7297
19261
6006
16552
10431
904
100
819
14019
6939
5961
7429
15636
4723
1436
16604
16355
9083
7550
2353
1599
11169
1530
2188
593
15947
2506
6838
11621
18707
11044
17502
18328
14608
10805
11375
15158
7536
18005
7548
16786
14471
17469
14892
627
765
29
10511
3229
9966
7290
15860
3564
3533
16011
5199
8259
11462
2583
16448
1260
12171
16717
9715
4345
8351
17668
17326
13616
7966
5153
1173
16094
9760
8739
14578
11224
5004
19979
284
4907
16318
4820
8456
8294
7306
7752
14082
12449
461
9266
1717
12069
8495
8301
9372
3385
6055
4859
854
5927
3583
8913
4266
19426
13526
5811
230
679
8751
4108
16143
12117
10830
3824
8127
16167
12395
16713
18255
8681
9681
13557
10044
4476
8964
18676
19499
5880
8073
17094
8658
7797
18046
13794
12004
18121
5974
18270
19699
4320
5497
15564
19954
2946
18938
6460
5554
5189
647
18685
16994
17879
6567
3019
5541
11401
9382
19720
8179
4232
11903
12784
10498
1163
450
19780
16736
16616
5142
11326
11869
16804
2723
15119
1242
14398
8562
15205
7197
844
9534
2694
17521
17481
18551
12498
19253
864
18177
14998
5536
1553
15927
10667
14637
13633
15098
13132
8419
5845
7443
13850
7167
6601
1533
13592
18323
6403
15224
9911
68
1569
3695
12135
2650
13624
12535
15268
2027
12499
5309
17909
19652
16649
2050
3009
9796
11552
543
3382
10139
9714
1753
12987
17111
12882
3446
17217
4618
12585
4068
8505
11163
12255
12523
3281
17212
5415
1321
7024
12428
16080
16021
9845
5495
2717
17077
7580
13107
5654
7783
17301
18176
14754
16243
10169
404
19563
2723
187
6749
3874
17613
2953
17607
15671
16626
15729
19944
7144
1102
11044
12401
1860
2643
5915
11953
11049
16158
18805
10545
3074
1673
13906
19246
1200
12056
19178
18200
12087
8299
13977
10888
4850
19359
4957
10762
18346
18415
15476
6285
13269
11175
7369
18084
5257
16580
17405
4404
9293
3818
17730
1857
5878
1608
15002
1616
2419
3865
6663
12646
13883
6650
3183
4153
2054
387
4980
12418
208
5238
14930
17689
8227
431
12344
5240
1254
9436
1199
15054
16721
17175
8825
5017
17816
3399
4977
1788
6603
12395
12103
10506
6075
19909
15299
3440
10467
2131
16122
12071
18157
9381
5496
13243
17511
841
6397
15451
9172
4833
13813
806
10899
18565
9625
791
6049
13749
1953
18772
15768
19256
8518
11946
8415
5802
884
8525
1450
8708
549
16717
7621
16077
17011
19270
8395
3394
19146
8608
8428
8162
4628
13290
10493
285
13470
2978
16459
19566
6524
4307
13753
4803
16473
16665
2604
7835
14062
13297
12430
12777
4102
7562
15172
1078
12652
8164
19629
382
7558
9595
19298
14373
13548
7625
8033
7175
9220
1348
245
16075
16746
18109
8494
33
10076
17542
1226
18666
10380
13273
11331
11888
5240
14180
19071
4501
10596
1160
9312
2627
17586
16406
8023
15941
17661
16759
8712
14617
1985
5700
3372
1425
16333
2266
15660
5732
1533
4071
11600
18513
19810
1873
10809
19504
12788
10130
12054
16880
18200
18309
10720
12414
11450
18882
9349
4084
16323
4901
9900
19744
7844
5937
2673
16892
12269
19308
10586
18864
8834
2940
3519
12025
1729
11827
6758
5746
18501
3806
6940
1485
1706
16980
7418
12221
10471
13927
19795
10650
17551
18818
3498
18535
14235
11847
13768
14775
13737
18493
3487
6802
14937
18509
17910
14969
594
5065
3699
16060
3245
18716
6287
12104
12722
17066
4698
16450
7405
2792
3261
17971
1889
7628
490
7322
3766
22
3239
18063
15827
7333
14025
13803
14661
8440
7231
5116
16927
1149
11435
17968
4368
7806
18396
16656
10217
17613
2542
16744
1396
12996
10032
2585
16887
15954
13766
14005
12728
11091
10431
8883
11491
15257
5119
10979
9705
210
5880
14112
19187
6990
1261
10268
17335
19495
8097
15748
6070
11042
4983
16669
18932
773
14981
7744
10026
15183
3688
11289
16125
18740
674
18442
2938
11082
6148
3990
1042
13731
7362
7627
14814
19096
2189
1654
5995
8308
3555
10823
14552
14247
7279
396
6866
13918
13323
2730
10479
903
4707
13628
4231
1654
15523
10064
5392
1742
2572
10919
2825
9178
17814
13405
7668
18027
14883
252
5131
4582
14476
4294
4693
19268
17727
5823
16934
356
14980
5878
6831
7829
19432
6441
3766
10519
555
7193
6056
4880
5947
18442
6206
4642
12947
16983
18688
10977
15848
9041
13599
8619
14024
7174
19795
2989
7429
3778
447
2900
14177
3400
14697
12139
8072
14845
4671
8922
1257
12929
2218
18712
18757
16330
17447
2673
9166
14306
6347
6695
13017
2709
12451
1715
491
14091
16878
11213
2480
14378
13444
8364
2974
7071
7285
19952
413
17965
5263
15332
18209
8494
11239
372
5832
2526
8908
18068
16156
14748
1743
9405
12996
4189
12559
4247
7623
9685
9802
9372
13311
12440
558
4373
16018
17389
18216
11974
15332
18010
3571
8036
7412
15666
7132
8777
6944
19352
12786
2444
15389
12960
927
10192
4318
7951
7401
16864
15426
14758
16155
18665
8079
8839
3627
8125
12146
19636
11490
16245
18251
10615
13394
2093
5890
8666
13038
17008
868
9640
1533
3213
1874
16604
3124
12419
8043
18933
14213
8884
563
12561
10956
18198
14560
4473
5493
1306
4
1704
8696
5428
2190
19385
12974
3717
5327
11159
9635
17486
6325
8670
1235
12555
4693
17670
8793
15246
19905
9219
3802
5626
4069
9804
11012
2257
1334
18337
1826
14442
17209
11615
17626
5561
3202
222
15903
18524
15536
14562
5201
9479
3787
5083
8156
6428
14046
18560
11542
17315
5618
19355
1293
13266
1370
162
16432
17664
13517
1979
9068
9428
10225
16355
3105
16671
5982
14310
18961
4777
7339
1861
11840
504
8354
11726
14561
19409
16894
2213
18456
17006
10798
2701
15525
12727
15708
13005
826
4370
15009
1310
18962
17205
4970
7796
17636
6518
11252
19025
2557
7666
19119
8612
11855
3972
7963
6696
14425
15961
6522
7361
8090
18918
13896
156
14040
1305
11279
3943
366
11818
13892
6418
19514
14950
5754
458
17059
15953
1284
11280
19168
10884
774
11397
9764
1852
7867
5366
1082
18177
7094
129
1276
13840
18252
9151
14374
16617
5704
3624
7367
10655
10023
19157
3272
11176
9495
9218
865
7942
5567
4337
4000
1100
17418
14417
11199
3170
18481
8941
414
11409
7306
5641
8967
7387
6918
8336
12491
4062
3802
13627
1176
9144
9599
5270
17464
13032
13900
8021
18511
12209
12698
19336
17250
4237
17266
14533
12179
18576
17960
6289
19822
10287
5267
8359
15745
15344
3110
1008
2120
7339
3117
15967
1366
13253
15895
1352
6804
16000
12683
15956
17319
5909
13909
3232
19668
10469
12938
8425
17905
8057
12201
9538
1167
3058
5672
7917
2964
6405
10738
507
14180
8153
16973
13384
15399
19948
11332
9896
7645
7935
17933
11957
14597
11456
19854
12144
19384
12173
5609
9868
9441
6157
5228
19207
10439
1209
1209
392
8888
2822
6653
4668
775
15279
10069
11994
1154
10016
5794
3855
13172
19825
9906
12576
6859
2337
15122
18120
5684
3103
11402
14289
3241
5369
7737
17461
13757
4359
537
9278
1446
18406
12433
8144
5762
1245
1841
16946
12978
14878
7044
10832
4444
5313
1803
17817
13071
19905
9607
17452
3964
8437
19442
18913
18193
16598
4563
18881
157
7946
6183
13450
8544
8836
2921
19035
17819
12914
15782
13395
16093
10398
16707
15931
897
18468
10186
5421
7258
18338
6502
12129
2234
10412
7339
14859
2370
19048
5427
9824
17170
18280
16502
9297
3205
11402
17061
11221
17025
3489
4511
8732
6529
15715
7876
19280
7437
19845
19601
16252
17147
18421
1798
1670
1078
5334
7829
11993
3659
14007
6722
1403
6720
13592
6059
15932
12703
521
13829
5143
15584
3078
3495
1766
19501
7632
11125
378
6666
13120
9176
3180
14838
12869
19945
3579
8041
14168
11781
3160
14067
18155
325
8049
4239
16996
11051
4559
3047
11381
5694
6848
14341
1058
16802
7411
8613
6454
11184
14052
3548
15000
693
10906
8817
7482
14063
15623
17161
9847
6327
823
7587
4210
13257
2654
10915
4635
12240
18584
8523
6407
10308
12561
7985
589
14933
16677
16157
5068
11877
18084
18527
2025
4982
6980
9350
4272
10481
4668
16719
19312
1149
11592
11503
1731
9614
13660
4935
1849
841
12892
13303
5752
2120
7822
11172
165
9397
17904
16325
16293
11068
7830
17703
5051
7671
16468
14698
12494
3105
15460
16617
5022
89
15141
5944
5749
7670
19882
14453
42
17700
14116
3601
7117
2549
12526
327
4469
4691
6551
16689
1095
2439
19727
5026
8889
2549
11167
18445
16283
19537
19901
12989
8525
10355
19093
10876
16033
8265
11036
9079
15273
12848
8916
18321
18150
115
19387
3262
13605
8017
10526
16462
14151
2663
15781
4953
6895
65
4615
18880
5846
9410
17042
5236
18646
13094
19267
14213
15773
6594
194
9623
15442
19926
3408
18294
11160
10725
3284
546
9353
6629
9326
10029
18694
14379
8329
18518
17386
16112
3286
16770
15360
6763
19499
19043
2310
1085
6831
9186
9686
11753
14122
16825
10974
4950
19254
14329
6526
7105
16595
16521
13086
9355
4953
933
6368
6916
5400
19518
3596
13524
7069
10446
3585
13681
921
11159
8325
15470
10620
8876
14388
10299
2388
14136
19200
14041
11774
17269
2960
6706
4864
2370
13090
7675
8665
326
3499
19582
3166
17107
13185
18130
5215
1959
680
11565
4445
6011
17224
15631
8260
3782
1450
3915
18011
12414
4051
8402
3019
13623
14995
14242
13502
18217
19920
14009
13046
9313
13332
4148
369
5277
4304
1866
7978
5038
18309
19292
15603
7213
3461
18908
7205
35
14604
11663
17884
7859
3806
3723
15887
19539
8828
11350
16959
11749
4950
3559
4460
822
5376
786
6729
12707
1792
1907
15555
6214
6234
3887
7723
17951
19629
5793
4043
5298
13555
9576
16066
7306
16364
9882
13290
7864
15904
3324
19309
1712
6361
12806
7701
11713
18920
12523
16363
6337
1359
599
17419
10726
1565
17480
10949
1845
14679
8143
542
4319
9909
4733
15700
476
12318
17990
5569
15115
14798
16496
6206
13228
16879
19598
10529
14868
6366
168
5223
16778
12472
15621
19559
2859
4377
14757
8116
16713
162
475
18146
14528
16500
11024
7011
17254
19415
16863
1474
6087
2270
7884
9050
11021
1927
8355
8610
4570
15800
18690
14094
14117
7262
5862
7342
6375
7726
14792
9345
9817
3763
82
7876
1504
8788
7081
8529
6212
2184
8901
11657
13514
9118
12874
11918
16690
6772
3471
3890
5063
4531
1342
11654
11348
7271
9235
129
4174
8689
12652
15888
15847
6487
725
6047
9178
19563
16799
7137
8482
9313
4465
4452
1381
9317
6990
2528
6371
11597
14443
11491
17888
9084
7798
11684
15598
10215
12067
5588
11351
16270
10769
15501
5882
2885
11385
5102
10881
11210
5644
15247
5482
5755
19983
14330
11094
4564
2426
14738
7715
7126
16970
8659
3170
13763
7751
3616
9348
15585
10131
14705
19820
18414
8424
13026
8599
13293
4689
15766
16668
13088
13650
5395
11617
190
18585
8995
10719
16002
800
19256
1832
9815
16665
2186
14178
9533
3170
1409
14087
13213
4447
12743
15914
5074
8117
4480
497
16777
14689
3884
19164
11287
1337
7800
10661
18001
9726
12651
17283
16327
12442
2277
4082
7767
827
13432
1616
1630
7725
5069
6764
3445
16697
1288
4963
9023
1430
3572
5615
17076
4571
15750
1241
17038
7616
14440
13956
18095
3140
4889
7072
3951
9390
3583
19421
15806
12753
15294
9239
12694
4940
15387
4193
522
11029
4078
9949
15392
10243
1145
12160
8734
8138
15306
16157
9210
9970
4066
16846
10356
12456
9743
12206
3974
9088
19004
10093
15386
1418
6843
16376
890
1805
1547
10139
8931
18715
12751
13338
7898
4997
814
4940
4080
3543
17209
12835
3388
14223
18565
9279
15902
2431
1917
9274
14606
2442
14468
7770
15538
5765
16078
6478
279
5202
13491
10053
3796
9345
16224
9433
8536
18723
675
9901
15374
658
7330
8581
16903
15529
2080
12976
17011
2641
13113
18372
18192
13621
10260
17126
835
1399
7227
13587
19932
100
6803
4190
375
14014
5576
3022
5002
2750
13978
7452
13308
5965
3733
757
7326
3428
10518
19228
3530
9645
4431
13718
13703
8607
17840
11118
12492
1586
18941
7628
5585
7768
4663
11338
7643
10293
15365
10339
9151
327
13865
18252
18889
13275
10759
16052
7304
517
3573
14911
14818
6383
13389
5338
18244
10121
7441
1497
9159
7212
11849
12773
19404
17236
754
2181
12273
12057
7448
11108
2138
3382
8838
14436
16183
4758
13019
15124
19421
17032
11616
17974
15219
19579
4843
14770
8850
1795
7965
246
8046
5889
14387
10800
16286
10843
1125
10119
2330
18709
868
14835
12289
11856
10840
6626
13768
93
18650
90
3688
14463
6914
5464
246
17317
6012
11679
7290
14609
19753
18946
6600
18335
2447
4849
17019
15869
6599
4745
43
13190
1154
19832
19231
13873
741
18547
17882
6285
10576
15215
4049
11808
1122
16062
16312
10076
4118
17044
4906
13916
10165
6799
11209
6637
17277
12881
6371
7958
2096
18525
8203
10224
6391
17
8897
3931
12536
16305
8016
7494
2577
9545
15313
6251
11012
4904
18954
4770
4857
7368
6329
13942
2063
8199
6862
5943
8221
2674
9188
8362
1561
17828
16140
14487
561
17422
12318
8492
18424
18867
149
9568
10601
2775
2108
11314
10156
17637
12454
5364
8786
13388
4457
12100
7311
18247
2968
3184
18100
6237
17862
19681
19705
12535
4656
17915
19511
10631
15968
13215
365
204
14303
14347
13887
5282
10208
15859
15807
13106
15570
6993
9406
15065
12304
10077
13412
649
13007
7184
19031
8259
9652
3898
13923
18495
9853
7747
6846
313
13175
17626
12200
2217
2931
11099
5392
7624
16442
15375
10729
7062
1308
7104
19888
14062
14886
9782
17001
14669
15058
11150
12589
402
2468
10443
2487
16067
18548
301
18609
2108
2161
16367
164
8828
2873
16353
11082
16222
19601
8864
10630
12405
12662
12249
10667
12140
10393
3249
7465
7230
1018
11263
10151
4250
10832
7348
16461
9750
15957
2034
3815
4138
13561
13216
1504
10922
2188
15515
10801
11314
18581
15044
8755
11074
18104
10083
2315
3100
8841
7895
15951
17175
13753
9207
3612
10874
8243
18108
388
12904
3444
247
12123
17132
17145
12150
8417
14339
7811
16001
9131
19961
14519
16267
935
11001
14953
8456
19038
9909
4735
7521
6916
7703
9828
5040
14073
17691
14330
12032
11852
2723
1542
11390
4672
10643
13172
7365
3902
14049
9411
7288
6874
20
16537
257
18847
1034
5726
10352
15162
19385
626
18337
6504
2252
13955
13758
10161
8961
10751
6285
10782
18750
3601
5061
18290
11803
11382
618
14320
11017
8109
12608
12388
18330
16660
8944
14600
14916
16244
16791
10584
630
7221
11286
7786
3020
3702
4627
9215
3544
8216
18816
13634
5540
8182
9268
16689
15224
16397
4387
5645
7845
13941
11050
15392
4713
3007
8714
5270
7572
12805
16161
1199
9010
1624
17873
1251
3999
19984
11663
4777
15467
11432
19147
16053
3662
9050
10738
3190
8959
5152
13682
12966
16862
10536
1205
9925
11597
4035
3522
12163
9527
13206
12947
1390
17287
15030
966
15049
7787
13216
8334
11000
4256
14748
6940
1622
5128
11460
16396
18106
6072
9334
19545
5443
3732
3358
7961
687
14088
11874
9575
14844
13595
17178
11858
4821
16700
5347
425
6096
6096
10684
5684
17434
2277
1512
3601
15236
3115
19628
18215
14341
12905
10142
10019
15389
12264
9131
8901
13891
8747
17376
18035
11128
18708
3448
11909
957
17309
16778
18370
2638
14692
15268
10452
9769
11466
7888
185
8751
6519
6573
15171
392
13566
12949
17630
4875
9153
18294
13647
3420
15889
1975
16020
5872
15454
10277
3652
15290
11090
4868
2685
16271
16497
12407
9778
2594
15606
5140
1348
6132
16622
14935
10281
11935
8480
5804
245
2290
16376
18183
5252
11895
19665
9317
15470
212
13657
11730
13668
4855
19859
12800
10018
7471
17010
11300
19633
16339
14739
16309
17752
221
8885
1420
5650
6099
14762
9117
3527
17962
4663
3406
3911
7879
14100
6906
7001
12521
7607
10804
4985
1723
7696
15771
9277
2409
11377
1373
3019
2967
12002
7271
18555
6674
1656
17242
7444
18004
3737
1876
3909
11269
11950
13093
16729
13857
5181
1479
11130
15153
2740
9802
654
9634
4348
14741
10423
12452
8371
3403
19313
14020
13010
16551
7699
13136
3861
16788
17130
9858
19976
8665
2668
4128
17066
2672
412
10616
14121
19906
12296
8268
14444
9660
4183
19806
2252
11079
11562
15276
3093
511
12249
5660
2566
19757
16447
4582
13408
7645
8346
14940
15788
1598
2963
12278
8865
12008
14692
11913
16156
11586
3902
7798
15315
17849
19881
6133
17133
15884
19817
14795
16939
15425
11659
16014
11398
6630
5119
12737
6510
19781
4678
5132
14204
19543
15435
4593
4926
12801
17333
14362
3306
14506
11133
4101
1457
1181
14505
17525
8985
5949
18950
19746
3225
19306
12896
2633
4527
7128
3171
7637
364
12144
3315
12846
15710
9996
1197
866
3554
12533
10789
797
1274
823
13887
11119
14230
8860
10955
2113
14851
8460
19580
18791
16534
7052
15019
10862
10612
10465
1863
4961
13388
12802
3186
11337
16632
3302
15036
11744
7955
6757
3387
2368
17917
3409
6778
6385
4785
4225
3393
16307
15631
19562
16972
6123
642
18077
1837
7171
7078
283
16814
14166
2171
11005
2482
15631
13055
18819
8526
12664
4902
135
10381
13848
7462
14262
13066
9181
17512
9989
5234
11825
15856
18589
14610
19972
10067
5141
4340
8889
12913
452
2148
8292
644
19284
9960
6705
658
13507
18515
3027
13577
2463
15829
16062
3099
8199
6002
8939
4382
9347
14402
19473
7179
67
1193
7660
14217
256
15229
19862
10788
6420
1970
3786
1261
2825
16200
18790
19932
16167
7391
834
2256
14992
13045
5086
4943
13353
969
8781
19669
12006
138
13032
3545
19664
4417
14903
1265
14435
9420
8091
5656
11551
17506
3137
6900
2715
17906
984
14826
14846
8399
16717
16812
4753
9253
12333
3332
16755
3637
9804
8617
9551
13927
13437
3701
4752
2576
13711
9039
12424
19610
14468
15802
1266
10910
14824
18508
2968
5875
9278
9984
16351
7436
4980
3458
15540
10077
8393
16705
13017
18371
1120
17042
784
8958
10885
11667
17147
16949
10656
15651
7777
482
15716
3298
12864
2446
4301
1527
13990
15569
928
19973
1460
958
16598
17223
14025
2349
2763
8927
544
15915
12859
2892
15963
3180
6392
420
2561
15154
15768
984
16859
3743
13249
19402
251
16213
2387
8654
15040
18784
17555
13345
14333
19429
19736
9938
225
9343
14260
18282
2033
14437
4009
10296
2423
52
789
19832
10589
16029
11886
16062
17978
6306
4347
712
12036
9581
17842
3611
1143
12616
13976
7312
6084
15622
12294
17655
13830
1203
12056
11442
4400
8743
2045
17858
2234
10727
6463
10758
15259
11331
9442
4199
12378
2047
11992
432
15732
16774
4164
12562
7355
18018
13261
8636
5930
528
12680
10482
2968
18338
7575
15762
1941
705
17502
18777
4005
3319
11924
10429
14752
7893
18762
6279
1522
11500
17524
6029
7022
12480
7453
10871
17021
7356
7239
10092
18826
16779
18312
5975
11500
7889
15385
2623
19725
1216
17869
11604
12923
19458
9957
1093
13384
4126
18373
3752
8198
4559
13024
4071
9262
4554
5611
13998
19283
13535
4134
13646
4594
5794
15984
17231
7343
10689
9298
5640
10081
1818
7126
19683
1791
17569
15243
2423
7818
16030
5604
9155
3136
2811
6242
14169
15428
19329
19198
9263
18662
5535
7739
5456
12746
15571
14889
16528
11131
12407
8776
17347
6480
11951
2219
7393
1061
18321
19580
10311
17684
2913
8018
2132
8333
2161
16605
5148
13584
14569
3974
9993
5289
13687
12798
15175
9558
7195
3420
10647
9543
3814
10413
13912
13651
3103
8035
17199
9257
13115
6911
3185
3846
17476
5352
9883
18662
13421
8187
1621
5708
16854
11418
14810
19709
13628
15353
17178
754
17111
3116
5207
9466
10474
13732
15359
17705
13658
365
5690
641
8066
4638
18678
6385
15112
567
2170
14554
6627
11497
12481
12450
4490
1438
7815
3169
5579
9078
6693
12583
8678
17042
11780
17751
813
1822
16275
19605
6668
19906
19793
10797
12295
5429
19770
9819
14639
13187
1985
2882
11190
9697
10487
3694
3548
19154
19199
9367
14839
19851
12195
6345
6802
11272
14520
18921
12715
13572
19236
6050
18742
16550
14311
17503
6490
1167
3644
15969
6764
8473
2366
15568
3425
5029
17337
17749
18629
8858
2101
11467
13884
5057
15901
2034
15841
8335
4928
2314
16999
10472
9404
495
6732
13128
17908
5561
5772
2903
14812
18170
7281
15736
18988
5460
16091
7999
6506
9506
19176
9793
9123
6349
4993
9370
6567
5219
7996
7806
17257
7405
2164
15893
824
8246
580
4209
15536
14888
2545
16853
1528
12561
10333
18
14481
7576
1184
2121
412
11352
4636
11173
5406
19267
17644
10747
3652
7964
2582
14494
10009
6682
7481
18121
16445
8592
18572
14948
12724
7827
14547
13729
10726
2439
3021
7076
7013
17839
19343
18391
11562
1733
8875
15410
349
752
7876
17302
14530
18603
16221
8821
17092
4762
17355
16379
351
2743
12701
453
15892
4959
6884
2015
17689
1885
15119
13528
11208
5903
3522
4702
14194
15861
19276
14108
3513
4981
9716
3358
13077
12633
19101
3472
10187
8208
5822
17537
18305
13399
7244
4836
11367
6552
5257
11613
15229
16349
4355
14809
2324
5381
5238
9369
4859
8647
11545
7500
951
3779
18573
5221
15380
3609
6944
16573
7872
3071
15122
5253
3272
2156
5378
18073
4364
12675
782
12248
14382
19189
15593
11023
13452
527
1145
14636
18081
6449
5509
10478
16534
153
2100
1729
18091
13622
1802
753
11335
1544
10329
12687
18770
4198
7291
13326
5740
15368
1207
3263
8444
18966
764
17703
10941
19065
17753
19448
10132
8476
503
6220
7222
8474
15774
5400
4005
2292
4142
9651
10959
17560
2326
7310
10180
18845
15689
2533
7777
11166
13339
15487
16729
10544
2310
29
19709
8482
1619
10769
15287
10269
3138
2754
5461
3297
3789
6257
8391
9135
309
1789
6714
148
6096
2966
13322
10627
16484
10674
1028
2303
3141
4381
19197
7863
18521
16974
3460
19146
1360
9621
7239
8665
19467
8088
19679
8977
7287
18913
3497
2478
8523
17092
4551
14028
5229
227
16620
16280
12695
9385
6076
13384
5479
16861
12768
10470
3319
7374
2222
12337
10818
2428
15223
8148
269
15267
4075
13210
5347
6634
3129
12968
14675
1211
18764
17680
7105
17162
2006
7154
1741
14947
1191
18623
16827
4461
2115
4226
13
33
13430
6146
11776
10627
10852
1081
7248
6540
8429
9027
12166
13990
5850
2476
4797
15468
6337
6346
10812
8709
9870
10434
17545
14791
12013
1666
12654
11976
2282
9529
8696
14810
10395
10664
1532
13739
17836
7489
675
3364
10776
6336
15275
7132
2860
5520
4429
7371
16154
9523
2144
16743
18993
9465
8925
8428
4138
9610
17721
16510
15910
14632
4647
2097
17999
19353
9009
19466
7374
12886
2107
6784
16756
4946
8803
5291
16719
453
7139
3693
12749
883
7955
6578
9468
16466
1956
5320
5152
4318
12634
12811
3990
4191
10242
16209
9814
17441
9101
1920
1919
4002
8167
15610
276
2481
10353
13686
15107
14504
984
4896
15661
17631
10025
2327
14700
9611
17581
5275
19304
12757
16943
18424
658
574
9527
5570
19948
13125
18171
17077
9448
12691
4462
26
3721
16440
8469
16709
16561
4224
3753
19255
6887
1684
5909
9527
12696
3445
11683
9195
15114
17905
16283
4223
18928
14205
13390
10507
18152
18138
14699
12600
13796
10596
13063
11480
14247
11709
18538
16571
7692
1990
13417
15020
1545
18213
11977
17355
6187
11159
14047
7659
3585
19814
15180
15859
2170
9968
7584
18535
9797
5270
7398
17925
13235
11867
8448
3014
17557
4539
2057
13350
8299
2704
17526
15488
2470
19099
10984
8336
14971
16799
11303
11666
8666
12886
18542
780
16993
11645
99
3626
4071
10722
14503
8653
1874
16431
13478
3916
7992
15709
18086
4606
7707
12608
10452
8744
4319
14085
13389
837
13955
5035
4551
14801
4990
19450
2100
5424
8052
11855
12602
8744
1713
16827
19817
13845
9740
6762
9787
14746
10575
3857
18768
6077
18922
10643
18600
5241
13814
19335
17724
10506
7764
2357
11396
10831
2121
1395
2630
17342
13120
8033
19537
16346
16346
17279
10955
18301
13247
19186
16520
19891
6508
1198
13064
7442
13642
8192
1887
19045
4052
18040
11009
10107
5511
4261
7190
19182
2826
8676
10580
9021
19427
5273
6413
501
19712
18601
13477
10207
5846
14966
12169
14068
9065
14165
17140
7474
17729
11515
343
3114
14552
8933
13920
2563
10708
11017
9832
1824
15989
3375
10438
7833
17172
8992
7312
147
17451
14835
15343
15039
7809
5889
7973
10140
9852
19645
12242
4309
12849
2978
10342
17813
3221
13106
7933
11784
15546
5392
17084
19582
5681
17546
5380
10160
14228
15954
16878
7606
9381
18918
10075
17612
12605
4530
6686
11843
10768
10698
5529
11282
20
17546
11312
6161
8035
4991
13366
5775
14486
11488
11715
17152
13911
1537
8548
11585
9329
11500
708
19730
2846
15083
16094
6303
4677
4724
14507
14077
6315
17794
7780
13358
15521
5426
7764
6508
7755
6819
9970
7002
868
13972
2349
2491
17538
16369
15369
2530
13068
5696
16805
14561
2662
3114
9794
16036
17362
12437
6560
2403
11286
17980
12213
4093
19072
2179
7153
1147
15910
8607
12754
13209
2574
7196
11772
1657
17210
14991
16835
11985
15492
18658
13677
1291
3979
9015
10277
16694
10228
13688
16859
18722
4528
19988
6686
17328
12441
5271
1650
9026
2566
11376
16789
11339
4893
7823
7116
2806
15472
794
11780
5617
888
7749
15219
703
5100
4812
13093
13903
19370
9389
2996
18800
18478
19560
3711
1257
6644
2659
4340
931
11682
12167
9021
10088
9609
10970
16848
18282
157
17849
15010
9241
497
4650
3095
3656
9070
13993
3974
16146
3304
2270
2944
1637
1278
11932
2281
6287
12413
49
12709
8116
17193
15451
13183
19934
8212
4696
14150
9433
12215
8876
13706
5395
12383
5560
11618
4113
7288
10445
19173
2104
172
17874
11414
18767
14437
8595
819
15869
792
12412
8824
8281
8574
9366
6514
3376
16289
8957
17564
2882
19722
13392
15207
10483
9067
15920
1502
13586
14424
17318
3562
11088
4113
4382
9526
4424
7700
14679
19101
10601
3083
7063
13068
9629
5420
17578
4672
13499
6543
4694
18479
10856
7712
182
5021
1063
13692
665
12628
16951
16642
1882
6375
8154
2536
9904
5433
1523
13660
18766
11949
2827
10378
6158
5989
5240
13075
7675
11857
12770
13767
3020
1835
4599
7374
15811
1485
12995
10495
18640
19561
4630
12631
7948
17627
11827
9182
17423
19040
50
15804
15463
3777
3105
16985
5762
7845
1892
1437
3688
16561
15027
16903
13532
2107
9033
5100
16925
10675
9049
19849
13566
13645
18128
18650
9387
17144
10474
6926
5708
14546
5349
5975
9559
14947
16716
18392
5703
6008
16765
6832
10654
1216
15609
12912
9612
7707
9323
3110
17319
7512
6514
5574
9082
7903
314
17995
9360
16924
2138
10751
11683
1515
5308
17080
11274
5046
12856
14059
6324
3939
355
9820
13379
13287
19273
2939
8232
12171
17371
15472
4278
9570
7474
5257
214
15917
5780
12972
14573
7536
17402
10071
9274
8535
14746
11438
16462
18193
12603
15616
19283
14766
17425
17334
5592
11268
13354
3587
14340
18293
8761
5447
12729
7592
15393
4086
9496
17156
2335
18652
6493
17055
3112
9968
19630
11288
8398
12220
10931
18546
10257
8132
8777
17522
8894
17835
4634
3549
17579
681
6150
18418
14206
19693
19765
11846
6730
6287
9399
6380
15721
8217
10200
13265
17207
19919
10979
8149
19478
11145
11522
16776
7017
3801
13409
15210
13580
11217
5733
2353
6536
10294
17959
13118
6884
2480
3363
9337
6066
1112
15711
5430
19712
11552
19437
5442
15227
9527
19095
11552
7955
14724
2928
14434
10720
9014
3881
3755
12692
1082
13442
2456
18126
12156
771
10657
10952
6228
7515
8855
5735
7567
2718
5717
1062
3699
17810
15128
11992
13707
14287
6447
6176
2387
12162
10620
1699
17193
9445
15848
2994
18456
6458
3435
6265
14058
17321
19044
11659
17237
13017
9450
2483
9880
19486
4005
1136
5640
19076
4872
730
5011
11414
10312
17746
6777
14245
6033
14665
13294
7285
6339
16272
2432
16444
19744
19969
16630
15614
4437
11282
15234
2291
17541
18261
1811
17932
3137
8495
17581
17285
19253
8399
8127
869
2427
4343
19531
8373
19237
16741
12953
7761
2505
4960
17875
5191
8087
8835
17280
11081
4972
12949
9959
13670
11400
2131
13208
3470
7255
7353
1665
9603
1099
6706
8804
3312
7810
16560
549
12121
6624
19703
16566
12562
19178
1040
18405
17744
13954
4874
5738
3339
5109
12859
10157
5900
11058
19557
4788
14029
14181
675
13572
15250
17594
16159
14531
6987
12970
7213
1455
16885
1593
9475
16972
963
18254
14646
12487
1572
7514
12587
12345
19593
11557
9064
13532
18366
14927
19812
14480
16010
19516
5603
5490
8086
11344
7242
157
2218
1798
16929
7926
15873
11949
4563
4972
16993
8896
2360
1805
19419
8291
6501
4298
9416
14066
6391
9972
19069
13526
17751
16107
16789
5355
8431
10052
1886
9099
8770
19586
11884
11517
1051
3064
4074
18496
13389
7709
6906
15905
4712
4134
10006
7136
14293
7565
15820
12456
16256
15081
19423
4358
14248
1945
2453
17955
14080
14875
15826
1298
2494
7740
16155
14687
11320
17046
11921
16905
11773
5511
16773
4325
19952
6532
16657
17888
18188
17562
17929
2095
2797
11228
18452
4509
10550
2726
14722
3853
17921
12508
4324
11904
332
1710
3110
17028
18610
18764
14746
16809
16773
11919
6344
7875
18142
16130
13939
8784
5928
10697
7790
13381
1391
3739
14546
14456
3574
12250
9486
15087
3668
12478
17576
8516
15760
12076
3054
10868
1865
16155
16075
47
7628
9
15363
5545
8733
9097
3909
1737
242
2752
19399
11077
9023
5031
13405
19142
14231
4164
16788
15472
994
4489
10486
4951
16643
6829
16761
14296
4803
13360
18858
11089
2373
6886
1644
7714
3417
12651
8547
16511
18943
14381
18802
10197
15994
6855
13514
11355
2073
11529
6358
10799
3145
5053
18252
12184
5489
7708
10221
16485
2629
12338
3878
4948
13608
14814
18975
6676
15154
17483
9228
6367
4582
10655
422
19369
13451
5313
15423
16595
12212
13038
12866
3345
6399
16351
18805
3182
1137
16635
16069
1726
5503
13875
14319
7463
5813
10364
5988
4778
10050
1964
11677
2036
7237
5406
16581
16641
16213
19417
16673
14471
8998
5602
16923
13481
5003
7406
10830
1053
8305
3612
204
9306
15431
13429
10944
14056
12552
12959
8650
8127
1258
2939
14459
799
4860
14617
8579
7852
17324
664
16962
12801
8548
12181
8381
10272
6189
1971
8991
4448
7326
6713
8258
16694
10853
9358
15825
7561
17648
616
1407
2557
11369
3201
6406
8833
2380
4594
15032
7948
9612
18512
10607
1194
19103
18246
11570
16990
3754
2623
10526
9362
14321
10872
8065
2253
5600
16471
10798
2602
3366
7408
15331
990
7879
1712
17149
17901
17686
10425
1637
11570
2380
4645
18112
5945
1362
19705
13231
6672
6964
15873
17792
16877
4077
14057
500
15426
4027
5438
8571
9164
4532
9768
4730
16002
4521
18449
11310
9083
15260
4432
9372
6145
3809
5181
12169
8705
17695
6636
5617
7584
16161
1460
385
13852
852
14571
622
16736
10376
6995
15788
17426
751
19183
9622
13465
8340
1209
8559
12871
18141
14256
11767
1278
15830
18762
17181
14642
5885
8928
6526
14669
9634
18987
6277
6098
5293
5726
8927
8776
16124
14595
5524
14388
3711
16240
184
6665
7831
4415
3992
12319
10954
15867
1887
11452
15587
12068
8095
19706
2948
15536
7355
6932
12534
3623
6424
4972
1019
5896
5522
1894
7658
17011
9310
13180
7417
11434
7991
11003
16932
4602
11976
15482
10708
19285
8220
7348
15990
17180
1641
19256
1752
6155
3118
1461
9962
15343
1399
10147
18716
5935
10089
2028
16737
15453
16258
14545
8607
15759
9023
12698
3892
8882
12570
3772
2184
4283
12746
9581
9735
17479
661
5343
6674
19275
17781
17506
494
7782
14887
6125
9420
17701
2049
17010
13694
7406
6338
11518
12232
975
13576
18888
17546
16488
8910
13980
7780
6535
7890
18528
13930
15019
7402
5924
18691
11657
12154
13193
9055
4462
19922
4836
15890
1536
335
18436
16526
1710
18357
11364
320
15704
873
16223
2792
7026
1015
11813
6167
3426
7880
8360
7151
7360
9479
15440
14661
361
6907
4923
1978
4640
6203
3280
6247
16473
13721
19861
16758
16679
11210
13159
19560
18780
9848
3242
5002
8761
3444
13504
15069
1677
1835
12524
8803
12019
12446
8747
852
15379
12531
10456
18717
14579
10062
9185
2359
17171
1899
9299
3183
4014
10069
14369
13583
4625
19350
14902
14616
14330
9791
8491
19022
7527
17185
18207
5028
10273
10
19362
13464
18630
2784
6032
11766
15109
9602
5057
7265
453
2659
7873
14934
19999
19067
18599
15504
939
15738
11998
5009
5055
17982
15737
12421
12862
10593
17753
4940
7694
8262
12034
10319
12889
18215
15312
11095
3771
6774
10890
10515
11744
11213
5055
2264
18170
12052
10798
8341
17676
10114
12088
14958
4030
2335
10348
3395
19079
6690
17603
17996
15240
2344
3421
13424
1474
18112
11204
18147
6592
6842
9800
9364
8534
11993
15393
6213
15018
11086
4723
16557
17349
19133
16678
630
19407
2817
5226
8623
14235
16912
16164
10459
8563
6679
10878
6680
16186
17101
17633
16475
19567
1336
13523
11346
12834
4302
7391
19399
5058
613
8829
6372
15419
6741
4163
18400
5930
15231
2327
14603
1770
7898
11260
15216
9789
6169
10715
642
13159
3405
14250
6488
14420
12827
19555
12550
14268
16591
4929
14478
7734
13368
17516
10656
7366
2613
19627
5989
8375
5696
4184
14395
8049
11230
12397
15741
10178
17977
3403
18845
64
6470
8973
8605
18480
18386
3253
11948
1337
1320
2330
6556
13739
6382
12278
8310
12205
3742
14904
5318
1705
4809
13198
14889
14825
13623
207
6161
1291
18216
7850
19336
9571
18370
18630
10776
3035
2903
15084
2003
795
10435
106
12704
14347
9420
583
6889
16805
19433
4971
6213
4829
3126
15734
3203
19368
5203
8307
15845
4936
5894
16618
9861
7422
13489
465
9180
5693
237
16725
5777
13802
13695
6506
1862
15022
8049
15427
8258
14831
19709
4989
10186
10329
19967
7383
11063
6250
11574
6480
4826
5330
3479
6204
14410
13230
6125
19042
672
14791
3576
4516
1289
13073
17438
12953
14233
13774
4663
9205
20000
5590
6625
5431
1468
3425
15016
19220
15479
5360
6
13183
15736
3462
15183
4062
7506
6181
18684
12303
18936
18205
17560
11660
3464
18
4858
5650
8445
6417
14384
16796
14273
19856
18430
7527
2874
7561
3090
15813
5062
7823
10497
3853
11764
1186
8532
8375
5431
15074
7382
10485
11296
4545
14909
6001
4674
2302
11577
2075
10369
12991
8500
9397
10603
8970
19078
7555
3158
7459
3968
6909
12008
320
9078
15030
13462
1167
14188
2947
10503
10282
5926
14320
19580
17817
4365
4722
7929
18365
6267
14337
6102
4705
17695
17977
8314
2568
13933
19101
17229
15083
19262
9400
12869
12963
16901
3040
15842
14429
2326
6762
9035
10463
3072
9698
19762
14434
19264
18496
17792
4979
14364
13265
8469
15197
7216
10015
378
8594
10849
5464
16043
7723
4460
19205
15579
4092
13611
13268
12307
12877
4752
11204
12896
5935
10066
5090
7099
7755
5213
101
18459
7578
4237
19494
8003
6042
9778
14096
567
17949
5583
1521
15975
19331
7842
16684
16557
3434
12070
18812
142
4810
18653
10645
5606
15594
7900
19785
3854
18915
15935
2094
8435
12139
7406
9481
7701
2674
16895
7107
11570
3482
2126
17268
14471
18910
17465
16369
187
16662
18993
12286
12036
18414
9987
10277
10501
16567
15523
3796
905
17982
3469
11540
1009
7907
10318
6537
12373
9505
2478
1626
10862
7250
8438
9814
19604
4306
15334
7296
4388
13787
3764
17075
1580
19589
3073
2564
8691
11555
17894
18682
2619
7641
19893
18319
16038
4507
2541
10285
8699
8787
12935
1204
1751
14573
13444
5246
13732
5087
5113
17420
17204
12551
11308
4431
2237
13049
9617
2420
15638
8440
12517
17747
18553
2285
11884
7649
10059
9432
3006
8535
16805
3219
3434
11025
6276
15843
794
14210
8485
14033
4699
3857
7121
12468
15669
1666
5902
2150
3098
3196
18028
872
946
5362
3316
4219
16149
13330
12940
13351
8976
2490
8790
16629
9709
1082
1134
11078
5220
19117
19124
9637
13947
14943
18289
2737
8532
2947
5559
7655
5485
7483
3752
2419
18551
15404
13977
13234
19595
14486
7969
12121
16503
3150
10050
8413
15206
4279
11073
18556
18762
14401
2802
16989
15925
2349
16312
81
16705
16870
9600
2176
10117
19493
15138
180
13575
5238
13430
3978
2579
6708
18130
4472
231
6420
19042
3801
13049
2592
7688
15880
8379
18604
5344
7169
14251
8116
13947
16750
12772
17474
9762
15425
13036
11820
16610
547
5789
18711
2537
5025
7511
10715
5981
16370
12080
2275
9124
11136
5422
19481
11736
5055
6546
7411
16275
2686
15008
6442
6368
1129
9927
3875
19836
6030
13840
19800
8316
14423
4559
14810
12487
5371
7501
6732
12540
13808
7368
13295
9801
5162
19760
15851
14094
13121
5920
9182
3996
12468
149
8170
12199
6543
2440
16099
13222
1822
16300
2424
15353
13580
1733
1098
15808
3770
15977
12203
10925
1272
3011
19406
1180
9207
6011
13188
12597
8882
1666
3149
19839
4699
3467
16563
1499
18877
8625
2178
7113
7951
8482
4254
12306
19400
4651
18229
61
6153
2602
5969
10278
10828
1516
633
19702
1966
7139
10208
14006
6547
9745
8057
11565
4209
5568
10083
13249
10127
16028
17314
18223
10224
14951
9818
2401
10510
10422
714
3493
5861
7523
8435
8505
17777
14167
5462
10916
19458
2468
18277
4300
3279
12195
6751
19471
17247
9124
13027
3285
19834
14019
3385
2154
9421
14238
8818
7052
13234
4962
10214
10443
12397
14200
12855
10377
15211
5072
11859
19499
19840
10154
14571
12160
11178
3877
8394
3698
14901
13745
14249
13678
13265
16496
18775
15963
5940
16472
15912
19717
8263
19474
16414
15022
6725
4638
8570
13167
11435
9086
7812
8104
10174
5090
12108
1311
10579
308
14494
10973
6914
19768
15654
19821
6271
7931
16082
13226
5018
2703
2500
18136
10364
11156
14222
218
11095
9888
3292
2924
19649
6038
1882
4607
3376
6986
8170
17347
7260
13617
1109
5522
18944
4634
2281
13418
2524
8866
3472
6726
7974
11116
10928
2868
11474
9625
19334
13511
3043
9671
2429
8433
4449
17321
6558
16270
14056
3843
7074
4547
6651
5514
12288
7234
15476
10654
16424
10002
10837
3138
16310
12035
13653
455
11312
9407
7792
11354
10118
8602
704
12123
4526
10713
4430
18199
19165
14522
8789
19171
10434
2319
3525
13714
240
13993
4502
18803
16033
7357
16131
13911
12517
10057
2683
19170
18378
12296
11203
2328
12659
12077
1296
18244
2846
2425
12468
15296
4424
4192
16282
1159
5320
1370
18973
18081
11999
16059
302
2747
16989
11504
9229
10808
19164
7315
9567
13913
10233
6101
6507
6021
1912
19724
17948
13179
18056
16279
7202
1788
10457
11904
5388
9082
16845
13132
12409
6948
606
17245
12078
8644
13853
14297
9604
18711
7563
1795
1859
9575
10748
1654
3922
4779
11624
14495
4271
5131
6526
5431
17303
3421
14808
15787
5454
6862
10166
19357
9191
6970
19834
4312
1250
2758
14567
16925
18366
15282
9005
9773
11665
1084
8231
7757
13300
12828
11564
5784
3984
3197
1003
16816
13134
7456
11261
10069
10947
5298
10936
4775
12773
4441
9286
3797
6454
9981
13416
2956
13660
4652
18963
8356
1856
16252
14682
4608
13959
14290
11581
13454
17310
8191
12320
10587
401
19132
14175
6082
6324
19875
4619
9375
17241
2316
11036
12666
13933
16168
12416
15960
6187
6278
8640
2547
16582
2241
4560
11745
17912
1467
7304
16925
6684
6406
7814
15002
5822
17041
11669
15211
2524
9667
11453
9537
3491
16745
16066
468
19513
11655
18100
12990
5716
2522
11960
8354
18345
12659
3112
12157
9500
19066
8219
14240
18870
1448
17903
9926
1448
17079
9686
4474
17033
8147
7485
1871
3465
7099
12125
14677
2410
18393
597
1727
19723
17921
9254
13861
8665
18338
5436
9774
13319
16447
19692
4897
2942
6610
1641
19068
7074
7662
11940
6262
6064
17595
10815
8838
8731
9310
16632
3673
1183
15164
7260
2128
4480
9811
12385
18310
13808
19945
11093
11469
9251
16823
16126
4884
6957
12350
1597
2093
9161
2643
453
13672
10299
3338
2194
2750
2314
14271
13677
10628
5465
12186
10507
9598
6648
17358
13347
4187
9478
677
14827
15723
18976
10198
14719
11114
11609
12743
1125
3877
19088
3880
838
1053
3030
6408
6080
11190
11284
17706
11384
2517
6238
19431
17800
6510
16373
19525
2030
17476
3835
12770
3361
4669
5443
9943
15733
7017
11026
9376
1999
17095
603
18272
4545
4834
13564
16085
17692
7637
9170
6138
3960
3585
256
6289
15992
16784
16316
2944
1646
7986
14715
4685
9969
17676
10891
3178
1839
17869
7811
3419
2475
16941
6101
15027
8844
18245
4783
15945
2322
11699
211
18442
2146
19623
7973
10672
16874
17244
6556
12077
8376
12881
16582
11752
8951
4262
15453
12270
16385
5385
2186
2680
10346
2037
6772
3177
10703
3232
6815
15313
1610
7192
999
7240
18836
8868
606
11124
12035
17286
15449
8012
16392
17761
15256
18389
868
17998
10026
13202
13711
81
14199
4898
16777
6813
5483
4077
6437
18393
4302
2417
13979
14986
15114
18476
18981
17790
15833
19773
7753
15237
17766
14640
4260
8237
12627
1340
3423
764
610
9776
10032
13780
11139
4415
1738
11865
8969
15
19252
8504
17119
6909
5992
4495
4185
16141
4031
16027
8128
10871
12983
8829
5153
6214
8765
1912
1197
16515
15034
19176
8739
13329
7007
8744
282
6228
13510
15221
7008
13773
18014
5978
14140
19822
9381
3169
15761
4322
17110
19036
8433
5521
8574
2387
5729
4147
2863
9460
10193
18662
7983
8182
14377
19632
7984
17589
11225
7671
2608
4651
3005
229
12793
10027
2290
8614
14902
6423
6285
886
10835
18789
3593
2293
7276
13069
18323
6169
4170
18917
12780
13330
10660
17874
13088
13175
1289
18962
13455
7712
2232
14949
5479
19450
19788
19783
16625
818
9537
2689
1173
15459
18197
2013
2514
8483
16321
19462
8976
15076
19088
17539
16550
13954
1914
11637
4206
6024
17653
17584
12947
595
19048
14383
1823
10976
4129
15835
2385
7027
12056
15371
13581
15543
9457
3358
9529
7132
19888
9986
14109
17409
12889
19585
5973
14356
14740
18125
26
10044
18832
18999
6803
7814
1572
9801
1695
13469
960
10044
6166
8430
15934
4839
12777
114
18022
5949
10731
18408
13080
2378
17827
14818
1055
15807
245
8636
8115
11929
15816
17963
6007
14020
8736
1539
15147
11844
2986
19397
1004
1623
11294
4847
2259
11989
827
13804
15781
2552
12911
11307
11212
11787
15485
4450
6336
2391
17647
2136
16111
18630
2104
3339
4380
5798
3462
12812
3825
10039
8336
15082
16221
10258
3665
9818
19512
6455
5597
2322
14964
18387
2444
881
5161
4743
16889
9790
12562
6171
8893
18290
13358
17852
14385
1146
4947
7423
730
18487
10588
14426
1054
5004
15237
14568
19766
7917
2435
16396
2410
13240
19528
11711
13987
15931
8985
17548
659
6454
3911
19188
13540
19468
12723
16583
1865
18663
12136
4106
8886
17249
19612
72
6777
14238
13929
2365
8273
3960
13768
4517
7163
3312
11591
6210
8584
8815
1000