10000
3599
10567
2802
3124
3812
4103
3682
1344
12548
8621
19767
200
12859
17540
561
3707
10479
14438
5517
1927
6248
16871
7369
5812
12242
1508
13763
13772
14276
4433
18279
1289
17258
2324
3803
9544
2613
8531
3693
15698
9471
18526
2829
1483
8415
19241
13152
10996
4182
15374
878
18887
13553
800
6735
10836
17800
11992
15824
11930
5561
1323
18254
19792
6904
7506
11040
17558
1858
19389
12193
9861
11166
1071
12713
18884
3618
16758
6422
13643
8655
2597
1924
19836
8233
7553
12186
7738
4919
3732
19809
2502
18893
16504
1400
9105
16710
8862
19704
1700
1742
9881
13364
1868
10881
11897
6386
6459
11208
14090
3587
18242
9931
14119
5262
3612
18356
13857
19048
18354
2754
1269
1928
19962
3008
6630
1016
10340
2643
14935
18496
16943
4980
2480
17198
17249
18613
7590
7093
10806
8741
3714
5282
9410
14520
14449
17649
863
18766
10077
17392
16732
12784
9371
19148
13868
4483
11323
13717
14261
9247
9777
10848
1201
12930
10656
3914
4118
1073
14119
13575
3911
8165
9631
5865
15567
16780
11568
4213
1763
14468
13458
8498
13306
12925
7797
19183
4881
930
14548
7567
11039
8891
324
17254
3054
13247
2966
436
5746
1764
730
9194
17224
13947
609
17498
10877
17481
9987
51
4577
2655
15862
7085
18513
2853
10612
19970
2466
5171
18866
12098
13367
3328
3746
5372
15086
9032
18362
19337
19796
15921
1176
5847
1149
14184
13146
9602
4276
6120
1557
13162
4601
13978
19657
19580
2323
15292
149
19519
17596
1019
8525
3003
3699
15486
2512
16792
17393
2906
8177
12982
6716
17701
19323
8366
5999
4090
8212
968
7249
12230
14020
2966
19932
2338
2413
19899
15063
10870
2898
609
3992
13320
13335
2649
782
19652
17391
17642
15328
1119
15359
17434
13283
9881
15432
7838
7014
5978
10197
16209
7531
158
3583
5137
13796
9767
14748
5402
5810
12153
5826
8498
10058
6994
11045
2141
15275
9366
7835
6901
8322
3622
4041
1710
4476
18283
459
292
9482
8373
18052
9760
17389
17686
11676
10794
13643
15722
512
9330
9197
19475
13290
18602
17213
7910
5259
7845
3718
12898
9297
11306
15427
3975
15176
18670
17364
436
5515
15772
2347
15126
10475
14747
12779
8075
3287
180
19780
9486
9765
13455
9796
14740
489
5132
17558
15309
19649
17699
4503
6464
13928
18031
6202
13531
6465
12516
8156
8908
13000
12867
17786
3858
207
101
8437
10329
2839
19846
12965
15508
8365
17626
6879
16383
13900
19820
11866
331
1658
9777
3730
12896
12854
7877
9669
1659
9099
9220
9100
3114
15260
8400
11233
5660
1205
5777
5365
6024
3104
8708
11598
18487
14286
14084
16076
16202
15353
5935
4988
5821
13129
1010
15860
10436
10998
1358
8491
7651
16173
9925
2290
14351
17954
10563
12082
2423
14748
9788
14915
11600
12880
17270
12455
3889
7079
10721
4252
11415
4812
10214
5495
7933
158
16746
16654
3192
5159
736
10969
5390
14038
6680
15590
14423
11534
15072
5633
17250
12637
6301
8083
4840
18827
1590
10015
6538
705
1913
5217
13859
12301
17559
12436
5835
19277
6017
15067
12120
17595
4339
13552
17874
14010
1141
12097
13764
14199
7420
4351
18223
9534
5609
1122
6829
14817
1258
12891
17043
19210
7698
4246
1111
10941
19350
9345
1804
15515
9738
1864
9197
16907
13175
8214
10672
18272
9403
10869
11703
8542
19985
4506
14654
9547
18735
15773
5797
19627
3034
15673
10400
8746
5353
15260
7039
15033
13571
15371
17285
8943
8922
2505
887
10639
13197
16103
15919
12930
19722
3065
12405
17178
12341
19295
8730
6783
12165
16196
11541
11750
17947
6315
13952
12368
14007
19569
9355
1889
6882
4955
10167
7836
3463
1647
13740
18654
6301
8824
14880
13120
6749
17864
13016
7846
15159
6166
18469
8408
17229
19047
18262
9770
8806
728
16225
1766
14153
16343
3473
1603
7084
3540
4327
1296
14753
6533
7515
9451
7056
18559
1572
10807
15479
4379
10328
10340
9756
19718
14867
13617
15977
13644
2996
11173
11359
10059
9582
1688
8089
2714
5780
14807
6069
16519
5396
289
14418
14105
12205
5944
17256
1273
16118
17298
3524
1630
1963
6501
716
11210
17933
11792
5397
8772
3709
59
16904
4923
13714
17432
5877
6797
17402
6520
889
8574
1165
7900
17537
14383
620
14653
13193
14937
19260
16410
15949
2824
18129
4204
10926
4347
16983
3965
9554
15692
10737
7024
17581
785
17767
14684
2962
19758
2788
11712
12614
236
19985
2586
11400
6008
11489
1509
17126
5156
4251
10463
13688
1973
974
5924
4855
16372
7471
12894
19778
2024
16109
2120
11574
8435
7059
11120
3612
19226
16519
6058
17605
2635
19455
3487
13945
2318
801
18871
15837
18007
7300
15081
256
13771
3953
3424
13326
7068
10118
16640
14237
1194
5867
11114
13432
13082
11502
8234
3745
2102
15300
9133
18032
16739
10266
8795
4542
9737
7203
3371
6458
3791
489
18197
18304
5640
9489
11368
4841
4051
2583
2277
114
8558
10459
57
11581
8209
13384
18169
1281
14884
11193
7781
13715
11468
10869
1301
19924
6918
2511
6472
10194
19502
10811
3199
12102
2434
15842
9158
10229
10312
11178
11598
4852
1234
1815
16673
18625
16058
8932
16847
18990
9055
14220
18059
6053
12224
4192
8558
17507
19896
14103
11911
9921
13172
3094
18950
8945
13550
17817
8236
16189
5124
4386
18950
11007
18926
2510
4113
15156
11774
19332
6765
4525
1347
10417
9751
7815
16273
15722
7333
1654
4967
18534
11146
7774
9315
3352
9024
3154
18109
9511
15855
11595
7357
8853
4317
5441
5568
4354
17194
4389
18924
15970
2188
19407
8362
16512
3453
14542
3181
232
2226
7890
18328
2584
9414
15186
11093
1607
4788
6967
10939
1925
17834
12810
6847
17513
12866
5852
8185
8336
9231
6954
1078
13779
14275
19764
12399
12700
9922
16846
4613
11158
1523
8489
13477
6577
10835
8900
2117
4707
18809
8091
17019
1633
7576
2621
14556
734
6379
16780
11737
15764
19211
7405
11822
17307
6453
18456
12987
16970
19423
6399
1483
7502
5381
11814
7747
10401
18762
593
10596
8595
10129
18994
3014
4939
6411
9552
10116
5674
12286
3538
12545
17331
4136
9775
6942
13078
212
12265
8201
7739
6245
1600
8743
4450
13255
7749
14768
4134
4514
2292
15989
523
17614
14176
6203
9064
14489
19524
8944
11566
11791
13573
9939
8245
18631
6468
9471
3806
15609
14677
14066
19170
10684
6300
3354
3311
14302
17140
19252
9285
9329
7752
232
3744
605
17577
5650
9054
11518
15050
10325
3140
7739
17268
17669
3714
16394
18783
10429
14910
16381
16632
2802
12791
2289
11497
1821
8917
18300
19291
10671
5045
18327
17262
7797
12455
927
9636
12072
18345
1536
14081
8521
19564
2915
19085
12682
6655
3736
14309
15618
12588
19349
17634
18206
6700
13442
15604
15968
180
92
11440
1302
9391
17862
1907
9449
4561
9476
5091
14490
5681
861
6573
6007
11388
2430
2454
5843
19819
18396
1632
2736
3222
9477
10251
983
17190
16467
14011
4830
7464
5022
5360
17011
16620
12829
9785
14405
9831
9150
1140
175
12566
4450
14420
3782
430
1540
7786
7733
2623
7702
18804
17750
11962
17000
9459
19443
8695
8671
3396
16093
3853
2978
9724
6375
19657
19785
15113
994
9671
2238
17298
15932
5709
19360
406
11490
4976
4782
496
19407
15669
4919
2424
16032
4335
16649
6603
361
15587
1291
4314
6696
9571
17187
5886
5513
17721
7018
14074
13445
1836
1866
19379
9387
11177
4070
15987
15535
19438
19647
17009
17515
11976
17541
18291
1917
6801
4701
1318
171
7803
14887
15331
12514
4473
5981
10473
8763
12415
15417
912
2302
3545
7565
8815
4047
3429
12755
4692
16284
1993
5043
10267
5027
13831
11008
15375
18440
2200
1356
4099
7103
17323
13983
11717
15601
4428
16647
6394
12578
2935
11422
18324
6376
13997
4021
6475
13259
17041
4095
19966
981
239
16775
12009
3858
14154
994
9306
11872
4469
9137
6781
17106
7986
9425
8252
12747
12591
15921
71
3233
12784
2093
16072
17758
10851
5093
17224
6314
5097
5517
15357
13041
6756
337
2210
19402
11420
2642
7562
309
15657
8750
7236
19693
6951
5062
14851
8780
10766
13406
7771
15551
9053
8463
8222
9622
12927
672
8638
14436
159
18452
4426
9346
18906
4738
14788
2885
15875
9762
15035
19723
2229
2065
19015
1585
9179
10820
14269
16980
16305
1986
6624
8276
5699
12823
3621
4054
19377
19282
5965
13575
18534
11951
8768
16353
11414
1951
15693
19594
16035
13869
6872
7185
14336
1394
10203
3981
9086
2197
3728
826
18713
4388
4995
17492
593
2702
6431
17868
12008
6808
2677
14589
5903
17495
16658
18269
9490
6921
2206
6639
17819
1307
2739
1216
16046
5522
1260
4089
7943
5347
13286
17854
3372
12969
4139
18976
7505
13110
15565
8811
3656
220
5954
8416
19482
11907
17060
14471
9904
14343
9174
5153
18846
9527
9347
8653
1197
14502
4239
15621
13695
4774
1870
8898
15220
15086
6040
6370
18765
14885
4406
3630
743
10994
11961
19623
2689
11660
8557
481
17619
13269
13985
11025
16198
6281
446
16475
12023
8533
5970
6303
12994
15893
3205
5978
14806
14767
19585
12140
7933
7124
7144
3624
5083
12658
15444
2347
7380
5342
1102
2383
18472
1328
4403
2328
1028
9267
11823
5306
2588
7503
6925
5383
19615
6240
2605
8758
4662
18657
15662
19878
11572
2960
11613
6655
7496
8846
2875
17700
11490
681
4079
10343
122
7037
15143
3334
16445
8668
10374
11638
17581
18530
17622
17760
19012
14331
15726
6210
9236
65
1668
11721
4343
1722
16186
13588
11870
9828
10006
7007
5399
16738
14735
3763
19013
6930
11680
16946
16612
1857
15089
15917
5005
9360
11092
16697
14418
6554
4033
19372
17313
8074
7699
8056
13788
9762
13281
16576
2330
16330
6355
8362
3201
17181
1199
3207
17900
3153
19357
4808
12641
5572
18270
6372
3433
10061
2217
13286
3544
6633
1914
18713
5697
16734
18569
2277
6236
13180
14548
3867
12396
19214
10882
12588
10791
4721
7945
7516
15971
16495
9223
3482
17005
17001
15441
17594
13622
6618
6578
18618
10296
16477
426
12547
14079
789
15584
16096
6798
7847
1434
8848
7015
586
219
7736
7327
13192
13481
17927
4878
7878
4427
13688
10946
1571
18248
16454
14326
8351
8189
6182
16868
16722
255
12233
2153
17932
10659
1968
11049
163
6481
19313
15096
9241
17447
11798
8439
8790
7746
19567
354
3168
6975
1058
15351
19270
12593
4803
10888
18031
14361
16332
9357
12347
3078
10863
19475
8568
2221
15940
3576
11418
17891
4725
2967
17189
9092
6050
9082
4449
8571
8822
10410
7426
14906
135
15291
8194
17971
11900
6903
8432
5891
16912
4411
4817
11261
12804
12050
11170
12548
8956
2726
18295
1985
19122
8061
16862
3715
4224
13861
9346
4271
10087
12275
18396
15280
12058
10722
10367
675
4267
8385
5825
1381
11090
10892
6808
9838
8545
9986
16404
3472
17749
6202
16171
10658
9971
683
11761
16087
2549
2596
10876
5906
5262
1424
19963
17450
11691
7602
8510
4167
15492
4406
7148
4930
17671
10111
1634
11512
7579
4622
2559
5144
14802
3421
6149
12644
237
12615
9479
19469
1622
2523
8315
5702
19044
11753
16939
11149
18804
1003
15964
15402
3652
17724
18532
12054
15947
9034
14043
15592
3740
2924
17073
13127
9923
19058
10645
2632
18069
16666
8832
11810
19609
15488
9864
5321
17721
2214
2377
12047
6526
16200
6437
10228
7252
14671
17848
925
16088
6293
7400
17719
13692
4069
909
1324
5724
4681
7443
5066
3084
2510
14307
15994
4550
19103
17143
653
1824
2441
9166
7377
18074
18191
7255
11302
8873
7120
5208
16688
9691
16959
10892
16677
18338
9742
7334
15822
423
5924
10050
4961
7238
8427
6555
9946
1956
2493
3141
1480
3659
4766
13689
1688
15728
15342
15864
1875
10856
10752
19104
9519
15992
12144
14981
9371
17976
18737
7849
3836
4909
15365
17590
13106
17614
3401
18790
12247
9339
7015
5071
7496
13893
6088
3637
7438
16976
18083
3514
19557
10847
5498
17728
12281
12955
9431
12924
12140
12422
17169
17689
4687
19794
16906
321
8949
4874
12969
19176
16222
895
3128
16681
3545
7570
9477
12344
9335
10083
15767
17122
16941
3231
14019
1848
13905
5616
5035
2973
14652
1142
4156
11719
506
3972
9573
14710
5398
2466
6657
14090
8389
15792
12659
6550
9371
439
10550
18186
12368
6651
3187
18292
18236
10753
2621
260
10541
11212
14022
19468
14940
6346
1225
5384
8713
17280
9179
14968
19422
4183
1225
14288
1850
2087
16206
14680
919
994
16216
3929
6363
2682
10759
1290
7215
14786
8262
171
14413
17440
15743
7373
9779
16807
13817
7163
10656
13804
7866
2108
15407
13803
2969
6001
16154
7036
16941
2887
17528
7166
5770
7025
2460
19556
8674
9002
14579
1238
8758
18163
8581
1777
4231
18922
844
13309
10489
7960
5622
159
7571
1023
16524
13836
17710
16999
19435
10744
6854
8723
10579
2206
928
1001
14432
6057
11669
5951
1143
14877
11236
2503
6839
976
1436
6783
6164
6058
6631
2891
8827
11933
18616
3538
16577
8596
3203
2999
6700
12463
3714
11107
8091
9388
7953
14392
9322
11721
16068
3400
5098
6040
17461
4881
4564
15697
2604
1059
9657
12028
14757
10841
8614
9422
6151
19692
11845
3280
17569
17509
4622
1286
17522
503
9193
4028
2408
19752
9880
13753
148
11495
14754
14830
17478
15447
5850
13486
18848
4233
8812
16255
12340
19060
15509
16001
7536
1081
4137
698
7797
12302
6331
4331
6759
8517
18189
10792
6195
7745
2983
11013
13190
1589
17233
2787
3223
4196
19279
15138
9758
11415
13962
7239
7389
16709
27
12133
18323
9930
13485
17985
10606
15960
3931
11953
17523
14963
15878
10489
2582
3250
5566
5623
3178
14059
13061
18735
3611
5595
5553
15400
1086
1918
3729
5873
7685
2473
12625
3875
15077
8271
16348
17904
12254
17165
16998
15586
15481
5913
11215
15239
9477
19372
16184
6192
17311
6288
13798
3082
5476
13352
7859
1211
6910
18769
6228
11493
16423
75
2090
16310
6322
13552
7959
17753
10286
8374
1225
16246
16457
7207
16321
19168
10474
13451
3917
19669
17488
8282
19700
12032
2727
16077
5803
4752
14243
13551
15540
17755
3125
17625
8977
19226
6004
1775
5037
11009
18679
16976
1248
9043
19724
13386
17333
4461
3276
15468
16991
11421
6030
19496
3884
2794
2340
18720
7129
5143
10846
18646
10407
1032
1638
9377
10573
5082
15601
1338
19427
1473
1861
7959
6448
14357
641
3628
1381
18581
1028
5835
11971
17587
16575
18313
12720
19454
12769
1786
6638
19727
3360
5824
9181
10810
8416
19727
2627
10242
7344
7166
15201
7993
13875
19133
18006
16610
17257
3842
11755
19292
2010
16046
10865
18905
18657
7729
9343
14314
17936
18097
13436
427
5292
11912
5372
12023
1676
5665
18892
15545
3575
6689
1150
11563
13117
14289
794
14644
11595
8469
2892
12953
2637
3828
10497
19770
4870
18279
13202
9989
6689
288
4448
9760
15212
5600
15225
7777
17616
14329
5984
18949
18680
10017
19859
16918
18887
6662
11899
10887
10349
17004
19529
13649
9163
8445
5289
5847
753
17948
19204
385
67
18518
2717
11949
16056
18523
3674
14634
14201
15443
16463
2213
4321
19623
11486
2357
4046
4803
17155
15679
19186
12991
15211
10321
3928
12184
12797
7105
14407
6226
11620
9658
6509
7416
1190
3654
14383
17115
16588
8755
19586
10048
5258
11565
8762
18660
1829
5866
5804
13656
6253
5224
4077
14744
5940
13093
10263
8476
5195
9246
14654
18174
9355
1025
673
2288
5610
1342
15636
18024
15187
17884
15749
2002
16600
2022
12144
16444
1353
7679
2674
17969
2382
5196
6980
8211
13859
11860
3992
9737
14720
2544
19141
11516
3632
10522
460
5167
8341
12290
14936
10801
4180
154
4169
7973
8593
7166
19658
8203
5887
14888
18454
13741
1946
5034
17674
15836
16549
3906
6166
14863
4070
17370
15512
2001
2216
11883
2198
13079
3071
6491
9504
13428
19310
17018
6767
10248
16212
3000
12171
14071
9960
590
4972
8866
15978
2144
16150
8752
14857
11582
3985
19921
10314
12539
12647
5722
8740
18831
8809
9680
959
20
4256
3927
8667
4792
387
1883
7340
7179
16179
18154
16119
19042
10215
7697
9128
210
11256
13230
16276
6246
8358
6015
4769
5978
574
18374
12536
11002
7863
2947
13234
18091
698
18768
8178
9568
5437
6267
17719
5816
14807
2651
696
10321
10291
6653
15168
14625
13803
4901
2279
19851
19778
570
9643
11042
575
15205
10445
14099
12459
6414
17135
15216
10248
13800
4559
13944
2454
10997
11072
10513
5594
8930
2161
9098
9771
18561
1467
8638
2953
5287
10341
6424
18468
8614
4347
2506
695
8534
17218
325
19692
2601
18314
3158
19203
3156
18881
5258
9910
9763
15214
5252
9165
7351
1298
19852
5897
12834
18888
5461
8066
15696
6338
17625
642
19075
4860
6138
11867
14780
10134
14775
17891
9325
3915
19838
15001
4656
1298
12086
2036
13656
15996
16670
11333
8762
10234
17117
19777
4645
18987
2820
9509
16824
3152
13825
13860
14144
9292
14342
652
19390
12411
11390
2003
13295
1960
500
19189
13619
8716
8375
6191
17447
9634
2848
7492
9760
6318
13049
3480
18203
7122
1658
752
18088
2796
14913
19715
19330
11941
18114
2428
2008
12296
4420
4547
16856
15458
5232
9899
6332
7851
13590
703
9214
6202
10415
10870
12272
6701
12009
9158
1866
3006
13792
3745
3664
111
7
8931
19116
18707
10236
2285
10519
11956
7938
3119
19548
13918
12544
4759
8822
8374
7668
12957
1738
16602
4594
18882
14551
7819
4330
8361
4027
15107
2854
5123
834
10759
6253
15600
9858
8309
10273
3515
19195
8960
18855
15192
7925
3541
2451
5719
941
11477
6645
12703
16698
4995
18245
4581
12102
15134
14279
10827
4147
5226
4863
9370
1577
18432
8189
7543
16494
1889
4276
4593
5711
5242
9572
2693
6973
18393
16659
7906
8398
18283
9461
11199
17002
13213
19570
8716
1943
19813
15409
4465
19937
2329
19414
10821
8562
12905
902
9922
5240
7238
10399
18309
9278
10849
12881
11685
6871
17628
3461
9879
7613
10914
14393
7962
12484
16234
1056
12363
18518
10280
14495
7889
2276
4428
16946
3472
17328
8954
114
15174
4418
11044
3518
5540
19883
16026
14295
14915
7102
8316
1434
15018
18104
17667
7574
203
5466
1083
3948
11614
10194
1529
18493
9143
5577
17805
10568
1825
12915
12832
14012
12944
18917
7398
3533
13183
1579
6742
11110
11509
2087
1001
7649
7909
9953
15107
15090
19250
1866
8687
6840
17707
3078
4573
2735
12118
19894
10468
17914
6881
17848
15391
12954
9407
12148
559
7297
4626
16385
2226
10227
3366
1685
14616
15937
4852
8566
59
3825
11617
7078
15561
10026
18847
1632
5963
18072
7522
17720
6514
12667
16802
10981
10533
8332
13942
591
7235
17216
6974
14833
7166
4679
19312
11776
18149
4907
18309
10144
8886
14371
4881
4534
14027
7725
3202
6610
3722
5880
17622
17252
7818
14277
878
5866
12307
4891
11895
17215
16937
16547
19652
190
13884
3634
2267
13026
16424
13237
7353
11843
13778
11223
10536
14129
7677
10232
9070
17386
4832
9239
8141
14965
9370
8482
10427
14081
495
3683
8850
3235
13481
15197
6183
3421
8313
499
46
7510
15331
14927
5139
9830
2546
1354
5769
9596
5522
18602
8567
892
8396
6163
18363
4151
9080
5913
11354
17736
16448
15429
15768
14356
11893
3201
3255
4091
4796
10542
2169
1895
16095
11000
3872
6287
8911
11592
18397
12640
304
6207
8104
11308
8926
14848
16299
177
1821
12186
1047
19078
3502
11608
9067
17037
13690
11933
4743
12927
8052
1745
9231
19239
6916
4627
10332
17106
18612
12100
4618
15927
298
19987
7804
18501
4185
6902
12147
9575
3479
15581
10918
685
2784
8337
9484
14396
5393
18234
10690
12293
16845
4939
1553
1552
17972
3138
10428
11554
14841
3256
2449
16709
9597
7829
12653
1476
4367
15918
12659
15834
10053
1031
662
7128
18392
381
2066
4022
1937
12995
11974
15046
16030
19637
16567
1668
10271
14238
13564
4647
4618
8355
11149
2091
4770
6018
7534
6106
6323
13105
3786
16587
12721
2456
14880
13109
13085
18695
12930
2453
3092
2337
13218
14453
14476
16251
8667
1171
15414
2610
442
12851
3045
12632
19310
19661
7411
6518
6316
19020
510
18312
12327
11165
5397
10635
11410
2552
4855
11901
17063
17578
3437
17671
253
17767
11441
15634
9953
13924
13530
12388
17913
15179
3246
12005
5828
6170
9758
14728
15702
18076
16331
10893
15235
8945
2529
13542
19767
14763
9490
8857
18007
7099
1643
2593
16524
13109
1122
7901
7132
10449
11176
1821
8256
4751
10058
19342
1574
15018
1212
12920
14758
14984
3409
426
853
9329
17854
4795
804
13708
19628
3974
580
3463
4584
13103
5343
7576
7826
2165
10947
12384
2268
4360
4477
2936
6431
6945
7240
15609
18860
7801
1082
11620
13903
17951
19404
2298
7899
3135
17118
1731
17454
4397
15651
17001
4438
2065
9339
13250
2161
19867
12344
11369
3351
5130
9755
17675
1919
6584
7663
18973
12333
2897
9542
16434
8660
1768
11799
10824
18309
5984
4928
9339
15816
6768
4466
5538
7441
13189
4748
16052
8074
2832
124
3183
11069
6415
12307
7283
12858
7835
10900
8727
9340
9813
15103
12395
17187
5101
11870
16179
5958
13757
18165
12895
4417
13173
1552
681
19623
14950
18018
17006
1210
17391
5072
7377
4541
5437
5989
9821
11481
7682
3321
18052
12080
13737
12590
7137
6953
5689
1438
38
1118
18456
11544
13055
3487
13798
2640
1753
9615
7704
14309
12115
16433
2227
19653
17381
12356
6156
12853
7587
1389
18837
15
901
15051
16284
3967
18949
7883
6870
6817
6072
17409
2525
8991
3940
6821
14148
11667
17696
5944
8341
13730
14024
2333
15265
14267
9505
4977
14894
3743
16701
2767
18888
2487
2213
11741
13343
7456
7607
18289
2782
19240
3575
9077
9125
1272
4157
8837
12733
5532
12688
10446
10559
928
7500
9077
12264
9399
19393
19534
9569
13226
16838
14738
9657
11876
6877
5002
7514
8414
5554
2962
9033
10070
12268
13412
10750
16475
3761
5872
17002
5636
16436
10648
7395
15564
4576
2345
14309
701
10573
17993
6833
18427
11178
19116
3330
2106
18666
2186
2969
17439
9083
176
17722
10776
12710
8072
4451
4235
9016
13082
17984
4704
17635
4392
12788
8787
11456
1224
7997
16946
18428
11004
1532
12478
1268
3395
14590
19853
18301
13678
17612
16924
11141
2606
4428
14329
13617
13203
15855
13932
9345
4376
3582
14168
9418
18442
2827
17218
17634
2427
5095
6049
18173
17964
18514
13083
19856
10248
7379
17885
18783
11379
17076
9455
3714
969
16660
11323
5388
18403
7837
9040
17877
4255
6528
14952
12201
12502
17192
15539
5262
2744
18669
19696
163
18556
8749
11015
7034
4956
2405
1193
19622
4551
7635
712
10566
13488
12487
3439
1336
19324
10993
3534
9438
6991
15641
12857
18489
1017
19441
1826
9223
1176
12567
17988
15560
6996
17912
18500
15988
10394
11379
17834
16554
14935
8397
697
14821
9432
12505
3900
16352
17813
17400
3761
12087
4561
16713
9776
18533
9196
7316
6171
10226
9415
2256
16535
158
14317
15794
8045
2603
12328
16636
18487
14880
2235
10618
12782
798
11001
11700
18158
7811
2876
17940
9566
5525
6775
12158
16791
9865
13456
1884
16000
15614
4386
17080
6855
10269
4990
7554
8864
11761
17768
10738
19193
12068
12531
2816
10744
17333
11716
11084
3124
2151
19175
19216
5714
9251
5565
16778
19573
9625
11747
10767
8154
12812
2513
16784
15391
12218
8303
15569
11471
2618
1072
17493
14720
17395
920
4347
534
18017
14649
9493
17321
7376
15218
9222
14763
1021
17211
4715
11986
16962
6296
14171
2116
5297
2261
4759
7453
8235
10273
17803
12076
957
6684
16407
14494
12216
16556
16903
8095
4444
17742
11811
15435
14089
1851
16181
4999
1521
6666
15419
16275
16343
13405
5388
11258
7317
18669
4602
2676
6845
1204
10688
956
5644
15725
10258
3239
15020
1891
2120
14515
16081
3924
10295
19123
17927
9702
14223
13495
16631
14926
12505
16866
6987
2947
10473
8797
8608
6503
19556
10124
5442
3036
6060
15085
14876
18252
6985
14382
4593
7417
15504
5488
12314
7186
17442
7125
16195
4200
17497
11409
5635
9971
11189
12350
11326
19961
424
5348
3896
1047
18807
270
11310
15162
4120
13397
16442
5977
14954
9032
10347
19583
6307
6150
19133
4679
15770
269
4360
1918
13918
18649
19933
17659
16918
5584
6688
7104
10595
1752
17432
5888
2189
1317
441
18650
7565
2389
15787
16125
8307
10758
14878
9039
19354
3081
17379
12434
576
10282
7461
4726
6560
1793
11290
11135
12374
6202
9943
11264
1149
7509
13159
14959
7900
9448
2999
6908
11163
10351
10183
18599
17076
4635
676
15592
4002
4082
5467
268
15139
17224
2274
19468
12505
13876
17362
12685
732
18206
10853
4733
2174
13838
9593
14349
17658
19797
12908
10093
2362
2933
7762
15729
663
6981
13724
17090
8405
3388
2448
6155
2199
2955
11882
15446
8247
12189
12190
6496
12231
11990
1043
3837
5071
17012
88
18509
17442
14924
7928
7127
232
19618
8248
50
4810
18101
18543
8973
11942
5165
5400
12044
18332
131
16824
19132
2806
14408
9438
3109
19910
5242
4203
14077
6418
7924
16532
5351
7411
15578
9610
17802
3479
14198
10007
14734
18800
11318
12771
17087
9436
8571
19101
6151
14779
13151
17595
14
7556
11466
16130
2918
15746
19387
1446
13240
7337
5195
5669
10932
15106
8105
1286
10997
17864
1408
12994
10652
4914
16218
10822
3073
18084
9849
19504
14422
15054
1607
4814
6419
12736
5433
9724
14348
16050
11570
18819
5446
6330
5607
16985
4665
950
15481
9849
16003
4524
10406
14637
18051
16867
19819
3408
17013
16604
9044
19014
9946
12
8968
9610
1460
4970
7053
6838
17906
2339
3658
13767
6931
14537
12042
17443
8901
2099
7430
14729
6860
13025
10089
15829
9540
15643
6017
1616
15970
9614
9062
10975
18160
7274
13394
6314
10987
10582
16063
1217
14889
12767
12807
1844
16564
1728
8225
5238
18793
6589
2533
9372
14863
11972
8644
14450
16536
15976
16826
15490
5482
5747
6202
5057
2690
4497
376
3074
16946
9109
5546
17290
1282
19592
9233
17465
8330
3010
4546
14426
7501
15355
2097
11885
2485
1312
7650
4163
10943
3903
4379
12923
14347
4085
11931
2331
16655
19269
812
8836
18017
6058
11420
7418
15016
1297
6319
7679
16943
2384
18941
17319
9939
13572
14054
15669
9437
2755
18369
15091
13746
18503
10012
8561
4415
5502
12780
6239
5943
10239
15465
18779
11668
7779
11916
14965
13827
15447
9818
1827
19416
6165
6198
15343
3993
13755
19005
11585
901
16242
1670
15254
8335
7668
6739
15991
5943
19987
17479
14139
8155
4213
3215
168
19425
17064
8857
7046
1620
7273
460
10846
9161
7580
12174
19410
19185
1604
10747
4640
16196
2699
17553
3008
14246
18806
6307
486
15373
3266
11494
6433
17535
19635
5810
6826
11036
12238
11615
2524
13551
14440
9052
19946
1484
8045
17496
12393
18466
12413
11645
19541
15732
9215
18658
12007
18770
10920
3665
1403
6678
3657
10126
15664
11266
3306
6725
841
17312
10145
17638
19977
10216
4850
1263
14016
2813
3930
2160
15133
14291
909
291
5936
13793
17720
18556
7133
18465
4648
9241
4578
10854
7809
19434
15239
6074
11208
12668
17594
13504
1802
12553
10721
17924
11212
18280
17450
15507
18090
6318
4006
15260
13155
18916
3186
15940
1329
16425
17137
16235
12176
13738
17292
7755
12094
17254
1506
15952
6621
10960
14198
12237
18263
4068
2488
3484
308
2401
17083
10399
6685
12578
4788
4324
18074
4792
13065
9707
13680
16124
1404
9170
18335
13185
829
11277
4565
4762
9079
16266
11964
271
18192
16173
563
12661
14451
11300
1479
5464
18835
10090
1693
14196
6287
1403
14133
14641
14886
13896
6437
8405
10535
17953
14785
19310
3044
18739
12200
10748
19748
3931
5001
12328
8871
14496
15112
926
6473
2059
1430
4553
15388
15676
2263
14938
1265
6363
4102
11766
7246
19466
15505
6641
768
11131
10492
1208
10013
17664
9548
14299
13231
19317
16332
15094
7030
6550
17177
7858
12360
15890
12614
7960
12657
16952
10146
11924
4695
7307
5370
2719
12958
17574
7962
1650
14735
12306
9179
12472
5841
10629
15245
16085
4013
6922
4764
10278
12828
4714
9204
12043
13024
16698
18313
2329
7220
5474
6611
4012
18072
9829
8927
11095
4049
9653
9259
286
14631
10731
2169
1473
5790
16822
16866
16287
13064
18649
10053
4628
12955
17313
15107
11865
10997
18957
19842
7784
19411
17504
476
13326
19241
7728
19010
3745
9962
4145
13222
3425
6092
2714
6690
14676
11311
10796
2380
4693
13908
18877
5228
5022
19789
14252
4117
8300
4774
4969
11714
13364
19473
3076
14911
19827
10991
4609
5219
4869
11786
18264
18851
18324
7077
8970
10887
10163
5678
5478
12224
17842
3506
18606
18190
6831
16772
17155
8029
6836
12302
4619
18413
18879
19560
4978
8706
1644
3207
15405
17339
10899
17541
11472
19241
16810
3734
1562
6679
2526
5863
6954
11891
12284
3745
9740
3259
9678
1511
2980
19807
2793
13225
11342
7015
19432
5719
12714
16201
15901
8556
6834
6359
17243
10573
18107
9018
12951
14630
4302
1738
8944
16460
11699
15059
14366
10780
13287
16015
10428
18127
405
3696
13445
7493
10108
12285
13168
2489
12923
12301
19130
16987
16800
9602
7282
15591
17644
17954
6895
17688
8375
18170
18555
15148
8226
4433
325
13188
5754
2119
3042
8756
2746
8718
17341
13197
17558
4953
12754
14535
1216
7052
19185
14862
18655
14390
13305
18893
9554
17118
6973
1967
18015
9864
13083
17908
16716
5551
9404
9742
5284
17880
2636
15299
9387
2963
17025
7784
12225
1814
19544
5969
13790
5990
5722
19332
8004
19993
2400
13933
18922
17352
2957
6254
19370
17692
3190
14839
12069
11751
5191
11808
12416
4366
10130
16848
4056
18725
11838
6177
19919
18100
2681
16910
13204
2262
1624
5449
18467
37
5477
1348
7250
14581
9208
3315
382
13037
6222
1520
18413
309
11879
19267
6709
10930
7197
8953
16232
9761
5594
17681
17308
8678
902
10883
10788
18647
13859
6514
16448
12760
18080
17407
119
3034
19776
1639
90
12989
3064
15678
13890
8694
18433
4360
5149
6508
10784
5578
1719
11879
1516
17061
741
13481
12619
4643
18004
5672
3539
10957
1994
18578
7226
949
1453
7024
19097
17877
1249
18039
7879
18598
715
15527
19005
3112
10616
7292
5927
17219
19777
14805
17508
14524
7826
11286
18469
4713
14204
8115
14880
9286
1958
19332
5276
7527
19075
1404
192
838
12931
10420
15733
17968
19299
19558
17317
4022
11423
16358
4387
1935
7721
18176
16148
2187
13269
5821
10800
9792
15122
7977
9052
7941
18315
3526
2942
5001
10593
16194
18801
9375
17649
13273
12936
19965
19355
9155
14645
6972
11405
5338
877
17998
16241
19034
4287
8729
6445
13875
8717
3170
8354
4998
8301
4523
9134
6005
10902
8937
2866
17467
13701
8086
4189
12976
12537
17443
15077
17857
4643
19524
6633
10466
15
9601
7415
15030
6031
12019
7978
17299
15559
14549
5567
13424
11319
7326
18597
8433
6889
8615
10409
5275
7307
8279
9765
8314
14786
17520
18513
9174
1465
11170
19128
13474
14819
8045
228
15971
4761
66
15314
2239
13591
11341
2793
11049
7469
13769
19923
15342
6613
17700
6209
10249
10276
16696
19834
15184
9902
9940
5203
13877
4852
16070
11780
11175
4825
7747
14479
6534
19030
11379
14655
19195
17848
1955
19873
4909
16639
14720
288
6644
78
17498
18207
6126
15464
8435
10391
7979
2564
18426
2155
10043
2692
363
8290
5152
3750
15389
6224
10404
12982
17456
10051
15899
6578
17640
10258
8981
9970
2826
11280
16041
3243
4150
13360
12697
7169
16285
6290
19200
8226
7609
9901
3236
11813
5243
19294
13854
11168
19161
12017
2909
16014
5421
16397
9397
125
19663
2222
15187
9359
12284
8514
13907
1918
5303
14074
1095
15573
5595
13595
4974
1353
14658
4685
8330
5007
11936
10982
9845
9985
5001
1665
3684
6406
4204
7374
7198
5188
2996
16005
5650
13605
17499
3846
819
11404
5332
6948
8516
13009
609
15040
8932
3474
14915
12578
15618
1868
2350
9070
4239
16172
5267
8233
4866
2810
15326
19655
4687
4005
17129
14797
5689
11219
7514
18609
9391
7986
821
12364
9016
13278
10911
2660
16009
9466
19603
11613
3675
13380
17160
3248
10527
19538
16687
18121
709
16799
4751
14899
18663
18603
8233
4664
14110
215
14850
5011
17031
12953
10330
1795
10148
5105
12789
19193
13349
6000
14059
18602
19958
7264
10815
12790
2944
5738
15999
12253
5730
15704
7432
13202
19421
3508
300
19430
9201
360
3718
12344
8066
649
11508
7549
1457
17342
19763
587
13789
6662
19438
11224
10467
1934
6772
3788
11697
3949
15948
10198
1032
14382
10710
5531
10836
19746
15125
12775
3848
15978
16933
11823
10294
2877
1190
15861
12999
19089
17194
9843
1099
2499
17304
4860
473
15944
4907
16180
17662
2050
4282
626
15859
8155
18310
9368
2400
7521
17888
11674
8433
8011
15784
7015
9750
9314
17064
2083
7733
1243
18155
11477
13770
1189
19996
17413
12691
12230
10227
1909
2243
4659
13299
15541
4231
7142
18466
3221
3640
14760
18746
10330
18529
8745
6124
7492
13073
18833
2952
7265
4989
3583
11195
1364
18791
10597
1047
14106
18334
4488
8933
9305
18350
15539
2388
8027
10015
5079
16118
11749
17669
7636
6381
14088
7146
17819
2890
19392
17567
6022
15431
15485
1973
16431
8057
14550
10414
9455
1989
8787
2627
998
13126
16392
6242
5675
4290
2137
14763
7341
17196
13205
15476
12548
16811
13850
12040
6859
9847
9147
4429
10730
10974
19562
1931
13486
17451
10843
548
11032
15382
1970
14976
1084
8370
5932
10451
4090
9306
19688
5625
18417
10789
329
15038
4785
11287
4336
15842
6427
14740
8858
7149
15452
11411
3558
1486
2034
18181
10259
635
17726
14966
12645
6881
5540
19125
12287
4716
11285
12807
17828
1661
12276
3890
420
8545
11567
794
7475
6582
6373
14357
823
2983
15227
8494
3086
10762
6132
3564
12688
4991
19973
17105
1182
15370
6943
14885
5452
8246
4728
14194
17459
15573
4895
18342
9133
3917
3541
6663
3392
13183
15477
1246
13802
6513
19093
18976
3974
1864
8538
10330
14425
16382
5016
2657
13338
16549
19911
2520
9185
5313
4120
3348
5196
4910
5140
15645
15440
8732
9201
5747
11961
14094
5093
11691
18677
1579
19015
866
16175
4023
11318
2179
3073
4878
1390
724
4893
16995
16098
1622
14942
1856
6045
9742
11978
2351
7498
8891
12123
14010
6993
5354
18950
15598
12061
5496
8848
10220
16056
5027
11511
5147
8663
5692
11478
6977
15599
16109
5445
5586
142
11594
15152
2500
6411
7589
1062
579
14681
5228
16242
6592
1659
18949
9111
8658
18611
13254
490
16602
1134
17216
7051
12051
6372
5697
17862
13545
17266
4403
14101
19648
937
11046
7598
2872
33
5578
4575
9404
904
4165
7762
6498
4616
11547
6138
113
12232
7268
13667
14277
7464
12282
2885
9006
19969
12488
17974
18343
19238
2119
17619
3136
12440
2228
14701
12332
16033
9212
6021
1725
14116
16176
2521
19720
416
6663
15892
3553
2217
1759
11175
14576
11424
5540
3127
15503
9486
6257
4063
15929
5427
19993
4211
17051
4685
11141
2288
4224
17204
3012
11236
5122
11039
14064
3152
11440
4211
11604
7176
14422
16712
9542
14262
15886
16255
8630
6487
13171
576
4270
8763
10844
3031
14608
4538
4856
10508
5564
15558
18649
11683
13400
1182
5581
9543
8902
1765
17515
1429
13717
14993
12313
19358
10088
9459
11235
9556
18016
16514
8163
7646
1602
15468
3850
2389
15237
16903
9683
2114
12845
16149
10335
19910
19813
18491
17925
3369
14454
16245
3520
1785
14469
2578
17033
17380
14538
2306
4947
629
15610
13503
13688
12286
13051
18066
9544
17867
6315
18389
19751
8978
13975
5269
8666
1200
6678
764
18422
14352
18085
16899
8728
4087
6885
6577
6000
14826
10059
4513
17645
3099
1084
12881
19743
1138
1148
4400
17264
4162
17886
935
2129
10895
4980
11563
11534
1732
2219
18665
744
8881
2567
4000
4999
16021
18607
12007
9528
19874
5193
6761
6796
19330
1021
3060
13057
9019
11929
7395
15617
16958
4073
12588
14244
13380
9073
13816
13945
12077
8219
16971
18317
1845
8655
11161
17867
14497
14427
12398
11229
60
2003
9959
2392
15921
3682
10806
3877
2116
341
13602
18077
18712
12668
13587
2016
13248
12044
12786
17195
14637
3950
2037
17701
10787
872
634
8554
14950
14978
4443
18343
14751
18421
5679
839
1727
3572
1388
8851
7079
6529
7588
6080
515
10733
13585
1609
1906
115
6490
7588
3222
13605
5143
5765
18006
19210
13802
7573
19957
11789
19364
3766
8065
5151
17246
18224
10878
210
11913
15860
1882
7784
18614
15237
7432
16728
3732
12197
13806
4985
3507
8422
5605
16949
10892
19235
9400
5312
14911
18184
12122
3587
19270
3363
16555
9373
3589
3151
2332
19718
18344
8539
8187
4175
10495
14801
9675
4262
14780
6360
19767
10904
18882
10380
3223
8377
4499
9448
2386
12635
14909
6714
2458
12490
3693
3315
15291
14977
2877
16179
813
12194
14445
10819
2659
5967
7456
3214
8818
14373
8071
9551
13127
16263
14914
19196
15551
9820
5734
13912
16511
4666
3400
16363
5015
18831
17097
19247
7010
6322
10425
16610
14780
2304
17070
12515
5788
9857
13563
12041
6640
17670
18284
8329
1342
1457
14084
13369
138
8543
18036
817
2389
18226
18644
8888
5399
9548
5755
15266
12867
3962
4102
19093
13431
8380
5349
14143
12648
13384
3005
13824
6764
11838
19892
101
6614
9820
8725
1452
13636
16145
16545
1252
4976
12546
12955
10542
14976
12240
17959
9784
8627
5107
8237
15633
4079
6239
19059
291
18742
15422
11371
5099
9592
8509
2702
6455
12207
6805
5037
9243
12321
14796
14136
14117
14512
11056
6098
8341
16265
15094
8204
17740
19015
18959
17518
2428
16915
8829
14948
3835
9205
5255
12018
12549
4061
9094
17559
17158
6278
19467
10185
11628
10911
2269
4031
8266
1002
14970
584
12268
6381
17356
6159
1075
2158
4254
8089
2463
8295
13099
8444
3207
11413
364
18877
5162
980
1187
3558
9236
6310
18276
12191
4381
14178
2213
7665
10574
15124
7725
2969
8811
12991
15045
8221
9959
3277
1106
5728
6247
18046
317
4380
2886
4303
8753
13522
1349
12542
9710
7804
4833
7644
14459
778
18227
9502
19978
12254
4807
5021
15046
2692
8066
17895
15740
10507
11933
15239
13401
17025
16241
13794
8253
5923
605
1459
16055
17410
13378
4815
12976
2669
7506
17191
19127
16734
10186
5987
873
18940
11074
426
9219
3671
5885
16843
17418
8721
16698
5580
8598
11635
5891
10838
1480
16406
206
10201
18890
1695
15387
18091
7554
205
1638
14669
13374
19248
6783
11578
9951
9722
11518
15863
15511
9884
16017
4369
11651
18572
2765
6801
4135
13132
17410
1835
6372
2842
962
6707
16266
6823
11051
14231
15207
15640
15776
18102
9589
16239
3412
4842
11731
11152
9182
17276
18639
3481
14961
16235
10115
17064
7194
12630
4276
8915
647
18939
14263
12960
9960
6802
18352
13329
11516
367
3084
11492
11204
3788
11932
3345
6143
263
8024
3256
1482
4825
6818
2149
8004
8182
8829
2091
17699
14329
14233
5697
10574
4708
11060
9215
17701
15102
10185
16623
4867
7711
6182
8793
7601
11199
1806
1327
17967
17120
14449
10960
8955
17860
14347
836
10392
17996
18914
9678
15788
7179
1105
10286
4288
957
331
17413
15801
7608
18369
12391
14110
15163
5405
2638
4824
436
17124
17489
7753
6056
14886
3990
17979
11069
11738
3796
12996
1244
14749
1863
7548
13926
148
7407
14206
2226
18573
331
9434
687
5629
2693
5445
14113
8472
5738
10171
7932
17783
19299
8898
9609
10639
1401
15914
12938
11246
7583
13560
6823
16307
9021
8416
12509
298
13148
16722
13665
5441
1380
19537
7972
2836
5945
2278
10018
10953
8808
3613
13603
3883
7305
16620
17114
6509
5318
2811
1535
838
18
1833
2618
5015
3235
13283
350
19314
8676
16143
8562
9264
120
7509
18400
4558
19643
11029
1745
4239
16586
677
19868
7472
2201
9449
12539
7817
18531
5571
8797
8808
1068
16904
16953
6670
9322
7935
1175
19156
2111
2315
10733
16902
15169
19259
6986
19514
1629
14459
18715
15569
7882
15170
5914
16330
12195
3700
7402
277
19228
3823
19345
1937
7815
2289
19660
1213
3315
11896
7422
8228
7418
18914
18478
19679
14
18517
5847
14214
9373
19361
2175
2219
1212
13025
4037
10604
19895
10053
7394
6598
13322
5839
5689
15209
18538
9037
2726
19958
5323
6503
17085
12136
3929
17508
13618
16720
6685
17595
19866
13837
1436
6696
11749
17090
734
63
19909
13795
3453
11245
9595
2365
6
12283
12758
19302
8200
4193
5244
9472
5725
14932
8807
1880
8884
6665
17499
16509
14002
8235
16959
701
16926
11179
6425
19668
3444
921
8474
16263
1550
16805
265
13883
14610
12568
11697
15342
18181
16903
11070
8129
18717
8286
3926
14326
12512
17957
7177
7608
15839
6733
10540
8811
15945
7640
1303
18053
12139
11957
6191
5768
11799
10239
15308
16686
4592
473
12575
19224
6482
11262
7508
19215
15917
16759
3680
1149
17009
6801
11390
3790
6543
13157
17297
16183
16789
357
18116
13211
18987
9338
14420
4998
2396
1331
18255
10271
18754
17354
9797
12040
18067
17926
17090
8010
14894
12521
1174
14243
8470
2921
4832
12110
7174
9200
7215
17163
9287
18183
4231
10761
12225
4497
15331
1892
4307
12570
15053
7811
19415
11497
12891
17530
12330
238
17416
10701
14583
18262
13023
16320
17361
16080
2606
1339
8097
14467
9876
13857
6911
15089
19915
2123
17520
16949
17279
9439
5822
18605
2796
1726
19242
6610
5007
14823
17654
1301
5890
11137
19646
2671
10315
17687
9182
5994
10245
6789
13758
4613
8652
10416
11943
10445
18536
9106
18374
660
3934
4026
4822
10317
13045
17629
9010
1014
462
12724
5580
11872
19945
14163
6910
10071
14984
18778
11679
467
6853
11805
3326
8248
17157
9627
7741
3919
17069
10445
18782
16137
18682
8480
19218
17350
13069
19103
12205
11577
18461
4559
17975
19124
17736
2288
5593
9201
11640
1246
5625
18895
11858
1819
7941
6833
17572
13317
5441
15105
1373
16091
18500
500
11831
9806
17832
13980
6255
14461
17227
18865
5278
18606
8529
19518
13281
4806
3629
19794
795
10465
10007
11325
8121
16964
8187
14433
7628
12982
18780
1472
13174
15762
14267
16938
9327
6403
5217
7665
5597
7209
440
19146
17271
14086
5841
15794
4961
1052
10717
3028
13835
658
4611
17585
18375
12646
1932
14910
7206
14632
14281
14862
7249
3834
18593
3201
8500
18702
4277
16400
13537
10326
15270
19739
7891
8750
17220
6750
15792
18308
4528
13717
4660
8920
9824
13672
15110
18962
4433
3570
17797
11544
4095
17471
16297
15078
17855
9882
14449
6120
15028
7134
17487
15862
4455
4153
821
17845
8850
10199
4970
2016
12268
1262
15983
17001
8009
10839
14133
19177
15322
2458
10353
8679
8224
6550
14097
6649
2925
6494
19435
15488
14545
15397
947
14706
14925
3883
3748
3159
3213
4718
3697
5431
4521
14965
8361
16412
673
9890
4419
13444
15225
2815
14958
11273
6079
1641
4400
13611
16942
18351
7210
642
6338
18457
5838
8172
12121
14597
10399
76
8624
80
15617
954
15680
8675
15980
12130
7487
4634
8065
5483
9662
377
14199
14024
365
12531
7988
12185
1329
17718
6416
2047
1507
12964
10685
1994
736
16181
10318
14410
1245
3845
17398
6323
14514
7902
1521
16861
19567
8747
43
10615
1205
16662
3485
119
576
19362
1166
14227
3794
11958
6539
14664
5656
3986
10689
11155
10850
9515
16772
10559
2874
12835
9824
1197
12864
6186
15789
2274
4778
8322
368
14261
14441
2455
7187
2753
19298
11183
2473
18390
11709
5879
6374
8351
2593
12795
16403
19960
15347
16375
1360
13159
8207
17393
11288
12552
8382
14955
3474
10294
9916
10995
7522
6245
14019
13592
6028
14485
15095
6873
10540
11768
4890
359
6297
6763
5041
17721
6613
7006
19083
16381
16835
17356
10953
14135
6422
10099
7255
8777
1998
11475
7171
17384
2538
5273
19669
14341
18670
633
17021
8343
11455
13367
4639
5861
2415
1383
7617
1167
11990
11795
14350
16392
12890
10931
459
16125
14034
15677
15758
11999
6448
16935
9611
19034
4953
18673
10624
5027
439
18077
16503
3832
7888
17937
14939
13697
1795
12310
5640
5253
12789
8826
4551
320
10440
14921
12145
17560
4138
19401
12821
16166
15431
16461
7258
4262
15349
15339
5040
11167
4174
13460
2623
9838
4086
14739
19761
19436
5782
19245
19220
1512
17350
4428
9225
6954
4679
11062
4963
11761
12468
10920
5286
8592
2065
7237
2436
7550
5035
18447
7999
15244
9848
14547
610
19635
9818
4409
13599
16623
17866
17715
2059
17972
19367
2344
9749
15093
9403
6779
5521
17626
1497
16365
14198
17797
6834
4263
13695
3372
11529
1463
16118
13646
10365
19525
7844
4915
7536
10021
5072
8900
814
257
10783
4313
18201
14251
18921
12109
14165
2796
7039
9225
4821
1631
94
8563
16768
5754
6455
5219
18097
4387
5494
5411
5286
7302
15467
6804
17175
6700
1732
14807
19080
1270
7694
6662
2998
4485
16156
11663
11138
14011
3628
6473
6957
3188
17071
12469
13619
11017
10679
13052
3433
9909
6273
13677
2537
13296
16226
11410
4924
18572
19328
3815
15731
12978
12182
7058
10727
17374
19870
14907
8548
68
6873
2999
5249
12470
5983
8742
2728
12409
14719
17094
16927
2280
9879
6390
1821
19524
17102
12323
7063
18576
12018
12495
16811
14213
3139
17091
7055
7900
5439
4486
12015
1955
5886
6492
19326
1421
10161
15518
7666
6074
1687
9978
2041
10468
176
18062
459
581
11762
13007
19831
2714
3357
152
7633
11548
6179
7220
14015
4313
16184
4074
17076
2010
16510
770
7745
14262
17267
3488
2477
19333
15440
7854
14565
9810
8717
6694
10117
14785
11518
12724
13561
18237
2358
8796
14709
11690
16376
369
13899
1270
1484
16812
9823
14265
557
12449
17968
12070
17457
5529
11832
4095
16872
7180
17511
4438
3838
19621
16595
8431
5510
10765
19528
7835
18054
6927
2324
8794
12112
9658
19049
9347
11794
13636
3715
8829
9943
6755
15442
14783
18248
7536
4010
16482
299
11063
2261
13444
19419
8375
11722
2108
12647
18604
15854
12458
4605
3469
6350
8024
6998
17447
13316
6147
19273
1025
19432
19852
15031
8235
17658
4824
18820
16174
16736
8582
9842
9597
11997
15870
5216
19470
12298
3835
16283
15059
14781
18235
12210
7787
5662
6042
7903
16297
5368
18097
5008
19391
15717
4187
12539
1280
12649
8766
7907
14028
19288
17796
11885
18207
19165
3600
13270
13312
9194
8028
1565
18445
6733
2224
8869
10398
9878
9059
5684
18190
15281
17780
8572
602
17041
1592
17337
5570
9980
8912
3823
829
5121
2273
4626
9920
19097
7264
13601
4536
16500
8099
16837
8779
19045
18756
12963
7729
15433
19028
13635
17537
8445
7343
4625
11498
19150
13137
7270
14443
10416
6688
14595
12645
15686
7882
8939
10486
13581
16801
13478
7677
12715
7744
4573
2376
16496
12677
7388
10081
716
16422
16539
15740
2325
9322
14457
8334
1770
13891
19907
19549
266
11684
2556
2797
12263
5594
17586
16008
18166
15188
1969
8932
14182
3299
12076
3830
5960
9379
7625
16201
9482
82
3758
8411
19197
3874
1857
16327
14925
651
15004
17299
11073
8619
11178
19636
15021
5179
1946
1708
10098
15754
8583
3222
11454
19519
13702
8919
19478
18473
12018
6888
12324
15654
3653
13645
3547
3224
7349
1345
412
1980
4721
3986
10635
440
122
505
19562
1415
19828
14161
971
9993
4181
1154
7610
16628
6599
5356
17181
17587
12016
10340
1904
386
16398
1038
8625
6693
9928
11475
5485
11757
8774
1661
9189
12289
7531
15127
13038
19738
9558
390
1029
16485
5345
13041
17877
17210
7297
4265
11287
11255
11943
10219
3286
19213
7584
12856
6768
14321
11583
10429
17894
16962
17323
8528
4566
19647
6265
8368
9818
5512
15171
13939
17334
2482
15219
12983
19361
13421
2196
19618
750
16615
13544
18981
11973
1577
15359
8385
17605
7604
1074
17656
8258
3085
8424
8385
18956
4965
10525
17759
17572
3786
14186
10288
4085
2824
2656
19683
16717
4351
4594
1767
10781
2661
3824
12166
18485
13761
11594
18993
2924
2042
5019
1874
19528
1209
17043
2863
6956
11973
18716
14974
6620
12626
6094
15641
12006
2216
2715
7334
6897
17354
2620
14279
15646
18773
14696
17884
655
8045
5897
13032
12287
11427
12290
265
5803
2414
1839
2814
4511
8214
1502
13382
10051
10697
19233
13677
282
18158
17341
17312
15311
18734
14294
1919
927
7945
12988
12659
2512
17472
15798
8819
12883
18462
11790
13217
11783
7657
636
2249
10008
13872
11223
4768
16286
16673
6844
18206
11445
2072
10409
15580
10077
11521
16185
15401
17235
3358
2433
19928
6607
2432
13706
4269
12886
11899
18383
295
5947
6076
1993
6787
18222
6389
4875
3797
11809
18737
12715
8502
10090
9734
5922
3757
3262
4091
7107
10160
12395
19573
3078
3218
11818
4315
15156
11286
13306
16456
17614
1536
13467
1236
2654
2298
9850
2558
17357
18377
11478
3393
13205
17322
12035
10004
10660
11099
14567
18180
14433
12462
524
4027
13459
11526
14492
18695
16000
6854
7469
10780
9776
3733
10940
17829
10458
12177
5973
7335
18490
729
14299
2157
5482
6135
17520
15625
19649
18753
4775
7645
5606
5006
12557
10289
12812
5555
340
14253
8756
9838
7493
17154
4588
1673
14414
14221
10385
1372
8918
2200
15594
11776
7919
1583
2353
1806
19682
8676
3749
8077
4701
3825
13216
19331
18086
5594
14282
1242
4788
17978
3555
15538
5710
17469
13527
6404
2311
3475
11852
1742
18554
16511
19691
1049
11316
9543
13675
13815
9213
8883
3764
1007
10265
1813
3032
11759
712
2264
12046
15239
2018
6250
18416
2297
14415
14258
5962
1410
19470
4973
5119
17041
3642
9655
4359
6913
2975
11901
19294
8189
11063
175
614
8171
12698
2557
15540
4586
16155
16183
12897
10122
11398
814
14170
17968
9516
416
11398
2149
2435
3488
3811
1336
17193
4075
11672
16323
18113
1170
14304
12537
5865
2259
14736
1416
2609
19520
17166
19869
2654
10157
10995
17606
5043
608
16857
2110
4540
9921
9562
17140
17368
16835
17051
10974
4130
17420
17112
15545
8059
4495
13995
13336
15815
19635
5167
2394
7730
3078
9575
9699
19275
12235
3539
2517
14435
5020
3627
8934
4717
12573
17611
8692
1514
15949
4143
6949
5811
2027
18498
11163
13225
4930
3087
5293
7067
12507
10403
11565
10805
14447
14383
17724
6474
19864
5011
6185
12066
17426
7714
5707
19476
11520
8376
15622
2694
12724
9840
1574
7566
5778
10242
8232
11449
18515
6861
2930
13214
4732
1516
61
6362
10787
16886
9027
3951
16134
2543
873
3771
8128
51
18384
19469
12489
12070
1239
17875
2486
13284
6241
14302
17225
2738
16125
720
3694
17771
5174
14444
19506
17734
19841
12064
1490
3196
2449
10774
2184
12326
6699
5545
6797
6565
6634
11194
3948
16360
2424
11006
324
14444
13883
4715
18028
2060
6931
1759
5173
2211
11566
11770
16066
5610
17240
8786
3983
3974
5881
16606
9310
17732
5988
13023
13491
1765
15985
13623
8331
13109
18402
4267
8955
5376
5346
7765
2284
13893
10059
1008
8624
7875
17244
17372
1745
11438
3908
9215
10105
15192
8564
11828
15781
1900
17826
6847
16870
19162
7548
1196
10051
18841
8319
2743
5096
19290
17543
3469
18763
18153
10874
11750
13706
11760
6100
16379
14629
10763
1519
7869
11108
15201
6500
17364
17096
7515
15622
11270
419
11343
6012
17963
6547
6546
3433
7056
14385
8269
8766
2403
17793
16060
7704
8656
15389
2016
11578
9859
10354
1521
17628
19546
14334
2196
3733
7754
16097
906
6124
17779
3476
3037
7910
1108
14124
3716
8196
9678
2014
9612
4395
10045
18298
1473
8249
3081
10878
4001
14888
11027
6817
13754
16626
3706
10328
2079
4207
17967
13764
10511
7852
10132
17949
7600
3511
6281
15570
1220
7678
4022
2570
7674
2691
12566
1727
4836
18189
17537
17306
19968
13643
19087
17602
900
524
8159
11201
10096
11866
17668
13410
11841
2418
5111
15029
3713
571
896
15774
13162
9502
9881
5077
8207
3714
13610
11885
4271
8653
343
5387
7543
1005
6303
10574
3862
14806
10836
19941
7580
18029
16315
11900
8887
12350
6177
6639
19752
14572
13379
10949
18118
3799
2133
4395
799
11800
13958
4725
15473
10811
12236
6404
5249
6010
5299
4597
12329
13001
14813
10542
7222
14325
18639
4370
11094
10489
18190
12744
16298
88
1100
15609
6365
7868
6429
7330
11714
6019
6412
10624
19359
8490
1300
690
4400
7134
343
10664
17850
19498
3972
5325
8843
16232
9030
10019
7539
16687
15419
16280
1574
955
782
7689
18671
18453
17806
16835
10154
8947
3466
15968
472
12171
14512
17232
12575
13922
15441
13628
14350
8857
4486
19526
4816
3360
11824
6920
6583
12122
3980
15749
8703
10231
2133
5109
3991
11373
4382
5195
10918
15591
4571
11
12786
7257
15878
13785
15952
8679
15392
17506
7963
1838
3456
4616
911
5459
5034
19177
11369
10319
3387
15185
13140
49
3905
7628
4717
4948
11873
3449
9973
8523
14569
3461
15888
1452
16358
3334
13682
11956
13636
14980
6898
18328
10777
8285
19295
1750
12840
849
14703
9574
11438
193
8070
19572
18327
11587
16090
7375
7994
14946
9361
12836
2845
3842
11285
11682
3170
17368
19801
1957
2609
17574
13436
980
14160
4753
8308
15451
12612
14640
8025
6858
9904
6750
3555
4688
9327
12722
9487
17854
17912
12257
9731
1828
3090
15772
12343
13038
2248
10281
4513
2829
123
12662
15748
12796
4380
725
7831
17489
7569
19950
10008
18620
17394
11853
2981
16326
2056
18643
8269
1422
4748
14044
11482
987
12566
8301
18864
11829
7400
695
16343
11223
7802
10076
9204
4248
11362
1688
10644
6686
18023
18841
1836
16112
2694
16638
10544
4155
6352
17674
12367
11418
675
8528
13372
10364
2682
19139
18776
13346
3575
1376
16261
11800
629
15967
555
1720
10452
19781
13187
10915
1593
15621
10909
526
10888
10471
9172
5222
4395
8778
18379
3915
2547
16165
19930
4333
1387
708
16151
709
7787
10803
6711
2220
9000
17817
2092
4410
8593
556
1850
14961
3869
14711
17649
947
12789
6131
9605
3362
7973
2075
6696
9904
9411
5279
10823
3560
18195
16899
11775
15919
17150
6710
10830
842
11599
15947
8724
18153
9750
3488
15572
1127
14607
3364
18604
17544
16889
5493
19678
5507
14428
3846
13822
11317
8006
7667
9565
19171
9986
7613
10572
15541
11557
14934
5063
2894
5100
12433
19663
2760
9920
13238
13805
14023
18008
13681
7318
13198
7021
18778
7731
5851
7735
17908
14674
19675
10388
14539
19200
12806
7160
14671
11163
2951
12543
9297
7992
8440
14029
13523
5141
19359
6388
278
14522
7258
13405
7327
8803
15928
8829
19345
18450
18690
18492
11613
12256
14818
1314
18228
16150
18230
5208
6279
1583
3657
16852
12122
9450
1726
11649
2575
7028
8476
9371
2939
1738
3709
17640
2315
6921
19901
2869
6473
6789
13494
2370
2447
17240
725
2278
17758
11938
2035
14087
13498
15817
12169
5755
15038
9910
9140
3895
12007
13186
15970
15817
5271
6126
11481
5893
13522
17954
11420
19515
9585
4218
13820
1944
8478
9774
16541
18397
13834
7083
11103
8927
9778
19245
18498
5114
8618
12151
12081
6538
3336
4877
2174
13744
3850
1594
10401
1157
11389
2934
8894
14522
2489
10417
12184
5971
12692
15052
1101
8512
12004
5827
7918
8780
10902
12407
14993
17644
861
2010
12397
3801
4724
14913
8295
5244
5973
16201
7636
8381
17448
852
17111
6630
13187
957
3124
3630
6253
16027
16676
178
5463
17942
3267
9562
9865
14205
10670
8399
10897
3367
1587
16007
5933
7099
16872
10906
14084
12206
13399
11087
2532
14090
16688
13315
9134
6608
5669
14055
19293
13546
6786
5045
17961
8234
2904
16700
7386
8605
4302
14644
7038
9281
16540
19885
14139
2390
19336
15205
18453
13530
4926
19918
6861
2195
19821
605
3266
14435
60
512
8390
13415
6197
1800
18811
9515
7475
14320
4547
10214
18517
13124
2169
18415
5359
6343
12253
3688
15956
11406
13972
12480
8066
1610
1034
11663
18019
9561
15494
8343
17242
18994
6705
4750
8217
11010
88
11054
3031
2792
7453
18740
8149
18847
1533
15030
14414
5002
5298
14041
17967
13105
10977
12388
5496
19801
18046
8805
5982
5529
10657
11945
974
15560
16064
626
1462
7458
14327
12292
7960
12130
18689
18449
10202
19291
2837
12105
12406
13528
2042
17984
19830
16094
9768
11754
13707
17328
8958
13348
12107
9210
18867
5531
18614
17746
11593
15278
18472
6959
41
9092
13801
8625
18176
8916
6178
8416
1573
6136
9078
3521
1838
741
14531
3608
5797
19060
8362
14528
16263
823
9238
416
18671
7011
2455
7736
3132
14301
57
12295
1862
3430
17860
546
657
13262
13779
1691
4458
3819
14426
16669
12162
2349
33
10100
6193
10895
4774
16778
10887
3775
5671
8136
5272
14960
14965
5231
19734
2080
10271
12942
8530
4516
5694
1058
1500
4536
19174
12014
3559
16361
18476
3337
16016
209
14503
5812
16792
671
6962
16322
16671
9481
11419
4538
7527
8989
4001
19044
17447
6551
2416
6572
8093
12961
11047
14955
17476
8498
16919
15257
1715
5254
3943
9694
10561
12934
11925
5283
12969
5838
11175
9640
13982
4134
17512
18514
1345
6216
9796
8664
2452
18636
16534
18935
5407
6743
4743
13546
806
12687
3580
6196
19966
2955
2349
3866
15078
13797
12963
11577
9231
367
17892
12032
7876
15083
8873
18839
14517
349
18498
15005
10702
364
13582
12913
15353
15011
1019
8829
15870
9328
6283
19061
7916
1081
10289
96
13350
2875
16885
10489
11390
9066
14070
1447
4216
16876
1433
16978
18134
17674
12451
18646
10916
7074
11549
3774
4822
11070
4410
705
8548
3612
10825
19889
14881
2175
71
11181
19150
5973
16312
6649
9181
19547
6917
15473
1884
15656
18066
14666
778
13291
7220
13769
15163
10440
14022
18484
7253
8615
6097
11206
16610
4562
18748
14317
3764
15501
6940
11058
7565
19399
11487
8192
17011
5218
9285
2867
17591
4974
1989
3770
13417
4989
2321
5921
10457
9811
6444
13611
19459
11143
12102
19560
3127
17894
11133
118
12769
14446
16459
12917
6285
11639
18460
1662
3649
7346
15032
18097
12237
6992
16126
17217
10976
10433
2447
12032
15175
16168
15833
11993
16075
14945
17467
3948
1414
8978
11958
9003
19867
12522
9511
16199
7209
14245
17963
17290
17871
1774
16596
5549
14766
19862
19512
17393
6830
3102
17986
2473
15223
6442
12095
191
13320
4816
16284
19070
6543
3432
6683
18663
2912
16944
16874
2495
15730
12759
16145
1434
7181
6757
17775
12686
4838
8833
8741
9396
10487
6876
14791
16775
7483
6207
6072
747
9978
13731
5015
6824
13716
2359
6621
6446
16512
6314
101
1377
684
16122
12300
16693
6524
1244
6426
14694
59
17120
15833
11582
9449
3217
18081
9856
8402
3286
18734
8679
11144
1616
14830
3670
19563
15406
19929
4579
6692
939
2581
1
13567
7720
841
10472
15568
3291
10823
19459
15076
2607
16706
19604
11899
9334
18757
12715
5692
13069
11332
7186
18693
8133
17298
14379
17817
8491
3247
2522
13740
8290
17828
13380
15601
8037
4702
13491
3041
10121
8596
8796
19656
14052
3394
9520
10088
2518
212
18449
14983
19816
19011
11494
10584
11002
9467
19488
17554
18724
17438
1362
299
14487
5942
509
641
15845
13746
184
7419
12
15408
3515
15098
19659
9789
8463
362
4667
14706
16695
5347
18456
12258
11640
16675
6295
9676
9777
1477
10067
11424
18660
935
8621
17934
14361
459
13043
6385
11022
1719
4421
14026
19983
3070
12430
17848
8086
5768
5641
7439
18895
10341
13852
13895
3063
1330
11324
8791
13345
18975
9734
14623
9195
10106
15136
16257
15938
11234
4361
3581
15485
5293
209
9599
13196
14283
6878
14891
14800
15342
7859
16398
8994
10949
11342
7029
8134
17378
803
11937
19935
19640
11793
6225
13687
4796
16067
13754
18125
3238
16066
8953
8509
15196
19179
19484
14569
12404
3070
15753
12264
9681
3255
10350
18782
14190
12167
17162
2151
17065
9972
10173
19608
14517
12007
8607
9332
19132
14537
16113
1297
11777
5073
636
19628
3244
8310
8647
11178
19802
11950
9482
14419
19066
1203
15377
5852
941
15504
5412
389
16934
10979
9813
17667
15141
10629
11871
9552
10712
3922
550
1195
8429
2894
1418
11977
2215
14603
2141
12066
4873
3062
5819
4248
10319
11131
11212
2389
3735
13689
1723
999
13938
17314
14093
13739
3655
17784
16552
15261
17014
19750
19193
17013
2588
5429
7325
11012
11130
16741
11440
16634
15307
9970
2915
19681
9885
16553
19494
17500
16292
16351
15535
17140
1998
12370
11884
7318
14439
9734
14477
